253.656250
0.000000
44.968750
164.343750
0.000000
47.781250
148.500000
0.000000
8.375000
35.750000
0.000000
0.000000
0.000000
96.468750
120.500000
25.218750
0.000000
66.812500
22.812500
49.562500
174.875000
166.125000
26.468750
0.000000
58.062500
0.000000
177.031250
0.000000
0.000000
6.656250
0.000000
0.000000
70.750000
24.156250
0.000000
0.000000
68.250000
0.000000
44.375000
147.781250
25.437500
0.000000
0.000000
94.968750
108.500000
0.000000
64.625000
0.000000
236.656250
0.000000
5.187500
397.718750
0.000000
0.000000
188.968750
0.000000
0.000000
261.125000
0.000000
0.000000
0.000000
218.500000
221.750000
156.406250
2.093750
2.375000
0.000000
2.531250
0.000000
64.437500
1.187500
16.125000
5.625000
16.906250
0.187500
14.875000
0.000000
15.093750
73.062500
9.656250
0.000000
6.156250
5.437500
55.093750
18.281250
6.562500
28.750000
11.031250
3.906250
0.000000
3.750000
1.281250
43.875000
5.156250
0.531250
0.000000
114.937500
0.000000
1.218750
0.000000
99.218750
0.000000
5.781250
165.906250
8.156250
9.812500
0.000000
60.343750
5.843750
0.000000
6.656250
0.000000
28.218750
13.062500
13.968750
5.218750
2.968750
13.843750
11.218750
5.218750
1.312500
15.750000
0.000000
0.000000
0.000000
335.687500
2.500000
0.000000
1.625000
2.187500
0.000000
4.187500
0.000000
64.562500
1.406250
16.343750
5.687500
17.218750
0.000000
14.312500
0.000000
14.781250
74.968750
9.875000
0.000000
5.562500
5.812500
55.468750
18.343750
6.343750
28.843750
11.625000
3.843750
0.000000
4.500000
1.031250
45.468750
5.093750
0.000000
0.000000
115.156250
0.000000
0.000000
0.000000
99.500000
0.000000
5.562500
166.843750
7.812500
11.031250
0.000000
61.781250
5.375000
0.000000
5.937500
0.000000
28.000000
13.343750
13.937500
5.562500
3.468750
14.531250
11.750000
5.312500
1.812500
16.468750
0.000000
0.000000
0.000000
336.437500
1.687500
0.000000
