0.166199
0.009460
0.063232
0.056335
0.025391
-0.007019
-0.010071
-0.033936
-0.012878
-0.040405
0.182312
0.021179
0.002502
0.011658
-0.107666
-0.007935
0.008362
0.075500
-0.014099
-0.014709
0.088440
0.134949
0.001465
-0.084778
0.014709
0.026550
-0.080261
0.004395
-0.098083
0.024475
-0.037903
0.048828
0.006226
0.034790
-0.007751
-0.056152
0.002441
-0.062134
0.036865
-0.006897
0.012817
-0.016663
-0.013184
0.016113
0.040649
-0.080933
0.027527
-0.088135
0.037842
-0.058105
-0.005798
0.118652
-0.037231
-0.083801
-0.031006
-0.037842
-0.048218
0.027466
-0.050415
0.011719
-0.066406
0.003418
0.059692
0.133423
0.211975
-0.002563
0.022705
0.154480
-0.059387
-0.001709
0.023621
0.015869
-0.008423
-0.018738
0.048645
-0.026367
-0.009399
-0.008911
-0.007935
0.025269
0.009399
0.050110
0.012573
-0.000732
0.083984
0.131104
0.004211
-0.054199
0.011658
0.011963
-0.005371
-0.023743
-0.010254
0.010254
-0.052002
0.045410
-0.001099
-0.025818
-0.097168
-0.069031
0.008667
-0.114563
0.054932
0.020996
-0.018738
0.091370
-0.037842
0.099304
0.004822
0.001953
-0.039001
-0.066406
0.059448
-0.020325
-0.008850
0.179871
0.002625
-0.069275
0.024292
-0.035889
-0.013184
0.099792
-0.098389
0.001770
-0.068054
-0.002686
-0.032043
0.016785
-0.005859
-0.003906
-0.030701
-0.006714
-0.032898
-0.001038
-0.000671
0.028748
0.001160
0.015503
-0.089294
-0.027039
-0.004150
-0.024658
0.089294
0.011475
0.005737
-0.024109
0.002319
0.006714
-0.034241
-0.026306
0.001953
0.069519
-0.012390
0.008118
0.022339
-0.014099
0.112122
-0.016052
0.047729
0.029480
0.003296
-0.030579
-0.020020
0.079224
0.008911
0.059937
-0.014893
0.012756
-0.018616
0.008850
-0.002136
-0.011230
-0.034058
0.066101
-0.041321
0.114685
-0.015015
0.053650
-0.007446
0.002808
0.025879
0.048706
0.002930
0.022888
0.044434
0.015015
0.047485
0.001404
0.080200
0.005798
-0.078064
-0.078247
0.199158
-0.001343
0.021423
0.122925
-0.054688
-0.006042
0.028198
0.017822
-0.010010
-0.030212
0.046631
-0.026917
-0.012024
-0.007812
-0.033875
0.022339
0.008545
0.046753
0.005005
-0.000977
0.071777
0.129089
0.002075
-0.083130
0.013062
0.013245
-0.031921
-0.024719
-0.012878
0.008057
-0.072388
0.043091
-0.005798
-0.020020
-0.097717
-0.091614
0.004517
-0.125488
0.051025
0.010071
-0.017700
0.068115
-0.036743
0.080444
0.008057
0.011841
-0.035034
-0.109924
0.075500
-0.021240
-0.010681
0.202515
-0.002258
-0.098389
0.020325
-0.041687
-0.009827
0.108948
-0.113037
0.003296
-0.091858
-0.014771
-0.013916
0.025513
-0.025940
-0.004761
-0.038086
-0.008789
-0.065063
-0.000305
0.017334
0.027222
0.003418
0.033569
-0.128662
-0.049500
-0.011230
-0.019836
0.152100
0.014526
0.011108
-0.033691
0.016541
0.012512
-0.041382
-0.043640
0.002808
0.082458
-0.013367
0.009705
0.070923
-0.027466
0.144897
-0.027283
0.026672
0.043518
-0.007690
-0.042236
-0.055420
0.067444
0.007324
0.009460
-0.025391
0.019287
-0.027161
0.023621
-0.018127
-0.012634
-0.041931
0.069702
-0.058960
0.119995
-0.017761
0.045105
-0.009644
-0.012756
0.031738
0.060974
0.041626
0.022095
0.051880
0.023132
0.015320
0.002258
0.076477
-0.017944
-0.089111
-0.099976
-0.098450
0.004700
-0.022888
-0.112732
0.009155
-0.006165
-0.018555
-0.044556
-0.003662
0.039062
-0.077759
-0.009460
0.007141
0.005920
0.063660
-0.029602
0.000122
-0.033203
-0.016296
0.002441
-0.085999
-0.092346
-0.005127
0.127014
-0.016968
0.014282
0.032837
0.007141
0.019836
-0.025452
0.125671
0.020203
0.007202
0.021118
0.124329
0.180481
0.004578
0.220581
-0.058777
-0.012024
0.012756
-0.112488
-0.001526
-0.119446
-0.016785
-0.066528
0.019409
0.221863
-0.051758
-0.003113
-0.002869
-0.107056
-0.015076
0.120789
-0.009216
0.045044
0.005127
-0.071533
0.127136
0.009094
0.155334
0.000000
-0.004517
-0.037903
-0.011108
-0.006104
-0.010010
0.003235
-0.064148
-0.014404
0.018127
-0.005493
-0.005798
0.025513
-0.105591
-0.047058
-0.005005
-0.004578
0.068970
0.000244
0.007263
-0.022034
0.006531
0.012146
-0.036499
-0.032715
-0.006836
0.029602
-0.008911
0.009766
0.064514
-0.017517
0.052429
-0.014587
0.022705
0.033997
-0.002991
-0.010437
-0.004822
0.049500
0.001526
0.019775
-0.026428
0.013733
-0.010864
-0.001892
-0.031677
-0.007202
-0.015259
0.001953
-0.022766
0.065369
-0.003784
-0.017639
-0.009705
-0.009460
0.002014
0.034851
0.037109
0.004578
0.009277
0.008362
0.006958
0.007385
0.051453
-0.016846
-0.013367
-0.028870
-0.102112
0.002625
-0.015015
-0.087708
0.052734
-0.010925
-0.038879
-0.005310
-0.002808
0.021545
-0.060486
0.017212
0.008484
-0.015137
0.010925
-0.030762
0.007874
-0.034851
-0.011108
0.003174
-0.084045
-0.091187
-0.007507
0.108643
-0.022217
0.016907
-0.015442
0.009399
0.060547
-0.020935
0.104736
0.016602
0.006836
0.009583
0.069641
0.195129
0.001709
0.128601
-0.051392
-0.009521
0.003052
-0.057434
0.043274
-0.077393
-0.022339
0.020874
0.000549
0.176208
-0.085999
0.039001
-0.003235
-0.135986
-0.004089
0.126160
-0.042480
0.047302
0.026245
-0.092285
0.195435
0.011230
0.181763
-0.005432
-0.022156
-0.026062
0.027283
0.009460
0.037292
-0.036438
0.056213
-0.021240
-0.034241
-0.032227
-0.015869
-0.009216
0.118652
0.038513
0.021423
0.001587
-0.079224
-0.034119
0.005066
0.031494
-0.022705
-0.010803
-0.017456
0.009888
-0.008118
-0.001770
-0.001709
0.023132
-0.067383
0.022583
-0.064880
0.002686
0.021973
0.021606
-0.001282
0.028687
0.045044
0.040100
-0.002625
0.041809
-0.004517
-0.030701
0.018250
-0.068176
0.008423
-0.049561
0.017639
-0.072266
0.027893
0.008423
-0.030151
-0.025391
-0.000977
-0.038208
-0.032959
0.000488
-0.053040
0.000549
-0.031311
-0.066284
0.050293
0.019287
0.021912
-0.026001
0.026733
0.079834
