[[[[ 55.060997   27.221      14.32     ]
   [ 54.060997   26.221      16.32     ]
   [ 55.060997   26.221      13.32     ]
   ...
   [ 19.060997   -6.7789993 -15.68     ]
   [ 18.060997   -6.7789993 -16.68     ]
   [ 19.060997   -6.7789993 -14.68     ]]

  [[ 55.060997   27.221      14.32     ]
   [ 52.060997   27.221      16.32     ]
   [ 54.060997   26.221      13.32     ]
   ...
   [ 19.060997   -5.7789993 -15.68     ]
   [ 18.060997   -6.7789993 -18.68     ]
   [ 18.060997   -6.7789993 -17.68     ]]

  [[ 55.060997   27.221      13.32     ]
   [ 53.060997   27.221      15.32     ]
   [ 55.060997   26.221      12.32     ]
   ...
   [ 19.060997   -6.7789993 -16.68     ]
   [ 21.060997   -6.7789993 -16.68     ]
   [ 20.060997   -7.7789993 -16.68     ]]

  ...

  [[120.061     106.221      96.32     ]
   [120.061     105.221      97.32     ]
   [118.061     103.221      95.32     ]
   ...
   [  2.060997  -19.779     -26.68     ]
   [  4.060997  -17.779     -24.68     ]
   [  6.060997  -17.779     -24.68     ]]

  [[120.061     105.221      97.32     ]
   [117.061     101.221      94.32     ]
   [117.061     102.221      94.32     ]
   ...
   [  3.060997  -18.779     -25.68     ]
   [  1.060997  -18.779     -25.68     ]
   [  4.060997  -17.779     -26.68     ]]

  [[114.061      99.221      92.32     ]
   [117.061     102.221      94.32     ]
   [119.061     104.221      96.32     ]
   ...
   [  4.060997  -18.779     -25.68     ]
   [  5.060997  -18.779     -25.68     ]
   [  6.060997  -17.779     -25.68     ]]]]
layer0
(1, 224, 224, 64)
[[[[1.17243524e+02 2.78807249e+01 4.11034856e+01 ... 0.00000000e+00
    3.35836449e+01 6.98253026e+01]
   [7.03053989e+01 4.19383944e+01 2.10734537e+01 ... 0.00000000e+00
    0.00000000e+00 1.29122754e+01]
   [6.91887869e+01 4.13543847e+01 2.08275601e+01 ... 0.00000000e+00
    0.00000000e+00 1.28293601e+01]
   ...
   [0.00000000e+00 3.26580574e+01 0.00000000e+00 ... 1.14023763e+00
    4.99817532e+00 0.00000000e+00]
   [0.00000000e+00 3.27203876e+01 0.00000000e+00 ... 8.71500072e-01
    5.34848881e+00 0.00000000e+00]
   [8.28697070e-01 2.22943451e+01 9.45775994e-01 ... 1.38693561e+00
    1.03593538e+01 3.37018203e+00]]

  [[8.35808064e+01 4.17389307e+01 4.51808727e+01 ... 0.00000000e+00
    8.60214302e+01 8.23765504e+01]
   [0.00000000e+00 6.24998433e+01 1.29324808e+01 ... 0.00000000e+00
    3.11851583e-01 0.00000000e+00]
   [0.00000000e+00 6.14371506e+01 1.22693527e+01 ... 0.00000000e+00
    0.00000000e+00 0.00000000e+00]
   ...
   [9.21470731e-01 4.84682219e+01 0.00000000e+00 ... 1.85563068e+00
    3.09641320e-01 0.00000000e+00]
   [0.00000000e+00 4.88502416e+01 0.00000000e+00 ... 1.16818311e+00
    0.00000000e+00 0.00000000e+00]
   [7.22299602e+00 3.33624172e+01 6.50946106e-01 ... 1.22062864e+00
    6.99490546e+00 1.56574274e+00]]

  [[8.28942702e+01 4.23393260e+01 4.49401216e+01 ... 0.00000000e+00
    8.54470537e+01 8.17722541e+01]
   [0.00000000e+00 6.32655592e+01 1.27456737e+01 ... 0.00000000e+00
    4.99918557e-01 0.00000000e+00]
   [0.00000000e+00 6.18756001e+01 1.26064074e+01 ... 0.00000000e+00
    1.63241450e+00 0.00000000e+00]
   ...
   [0.00000000e+00 4.88838719e+01 0.00000000e+00 ... 2.01717805e+00
    6.38244003e-01 0.00000000e+00]
   [0.00000000e+00 4.94378942e+01 0.00000000e+00 ... 2.87097636e+00
    9.10012282e-01 0.00000000e+00]
   [6.14187873e+00 3.38882313e+01 1.35025139e+00 ... 2.42913668e+00
    8.29885885e+00 3.11835975e+00]]

  ...

  [[2.86142072e+02 3.72281483e+01 1.55639511e+02 ... 0.00000000e+00
    2.91354832e+02 2.88317556e+02]
   [0.00000000e+00 5.59036780e+01 4.70856287e+01 ... 0.00000000e+00
    1.15506105e-01 5.90045898e+00]
   [0.00000000e+00 5.56745976e+01 4.67069880e+01 ... 0.00000000e+00
    1.19565822e-01 5.40969245e+00]
   ...
   [8.26805976e+00 3.50439979e+01 0.00000000e+00 ... 4.21459567e+01
    5.68886964e+00 2.18214334e+00]
   [5.11375302e+00 3.71787334e+01 0.00000000e+00 ... 3.86260659e+01
    7.97384287e+00 2.76761461e+00]
   [3.08059533e+01 2.42521332e+01 6.29355564e+00 ... 2.41520528e+01
    3.22287362e+01 2.08494370e+01]]

  [[2.74670627e+02 3.69302813e+01 1.53670694e+02 ... 0.00000000e+00
    2.94350114e+02 2.86172393e+02]
   [0.00000000e+00 5.53404859e+01 4.64659014e+01 ... 0.00000000e+00
    4.10195719e+00 5.29300894e+00]
   [1.47118226e+00 5.50837718e+01 4.63700863e+01 ... 0.00000000e+00
    8.62813893e-01 4.76964796e+00]
   ...
   [6.66379414e+00 3.49616725e+01 0.00000000e+00 ... 4.04547204e+01
    4.10537682e+00 6.68491198e-03]
   [3.57819215e+00 3.73963911e+01 0.00000000e+00 ... 3.71534940e+01
    2.45455965e+00 0.00000000e+00]
   [3.30133975e+01 2.45117143e+01 5.32150627e+00 ... 2.37280939e+01
    2.97976759e+01 1.84806353e+01]]

  [[0.00000000e+00 2.89756164e+01 1.27987546e+02 ... 0.00000000e+00
    3.85279159e+02 2.88779054e+02]
   [0.00000000e+00 4.19606030e+01 6.20860921e+01 ... 0.00000000e+00
    2.44790405e+02 1.23780969e+02]
   [0.00000000e+00 4.21467130e+01 6.31295222e+01 ... 0.00000000e+00
    2.44453574e+02 1.25930025e+02]
   ...
   [4.15004087e+01 2.33496840e+01 0.00000000e+00 ... 2.65824081e+01
    0.00000000e+00 0.00000000e+00]
   [3.80137829e+01 2.53612166e+01 0.00000000e+00 ... 2.44422411e+01
    0.00000000e+00 0.00000000e+00]
   [4.78820976e+01 1.66939563e+01 1.98424317e+00 ... 1.58394198e+01
    0.00000000e+00 3.90192621e+00]]]]
layer1
(1, 224, 224, 64)
[[[[6.32599580e+01 0.00000000e+00 7.04355684e+01 ... 0.00000000e+00
    1.70926029e+02 0.00000000e+00]
   [0.00000000e+00 0.00000000e+00 1.37537924e+02 ... 0.00000000e+00
    1.20057588e+02 1.88847892e-01]
   [0.00000000e+00 0.00000000e+00 1.47129313e+02 ... 0.00000000e+00
    3.92756161e+01 5.23483522e+00]
   ...
   [1.66722946e+01 5.75800125e+01 1.85803895e+02 ... 0.00000000e+00
    0.00000000e+00 0.00000000e+00]
   [3.03846069e+01 5.44431890e+01 1.68039892e+02 ... 0.00000000e+00
    0.00000000e+00 0.00000000e+00]
   [2.48876259e+01 1.26916376e+01 1.06300542e+02 ... 0.00000000e+00
    1.71781991e+01 0.00000000e+00]]

  [[0.00000000e+00 0.00000000e+00 1.28293007e+02 ... 0.00000000e+00
    8.15336168e+01 4.98558800e+01]
   [0.00000000e+00 0.00000000e+00 2.38233924e+02 ... 0.00000000e+00
    1.58075435e+02 1.36235654e+02]
   [0.00000000e+00 1.91160888e+00 2.62094981e+02 ... 0.00000000e+00
    6.05310271e+01 1.27579259e+02]
   ...
   [1.29017712e+01 6.30099485e+01 2.92322170e+02 ... 0.00000000e+00
    0.00000000e+00 1.18984549e+01]
   [2.36113402e+01 5.76203445e+01 2.64586524e+02 ... 0.00000000e+00
    0.00000000e+00 1.20470451e+01]
   [4.30515513e+00 4.42858133e+00 1.67660006e+02 ... 0.00000000e+00
    0.00000000e+00 1.13481896e+01]]

  [[0.00000000e+00 0.00000000e+00 1.48505622e+02 ... 0.00000000e+00
    4.46633295e+01 5.79980423e+00]
   [0.00000000e+00 0.00000000e+00 2.76590382e+02 ... 0.00000000e+00
    1.09492910e+02 4.80768325e+01]
   [3.69138655e+01 7.21213850e+01 3.06070319e+02 ... 0.00000000e+00
    0.00000000e+00 0.00000000e+00]
   ...
   [0.00000000e+00 6.37153587e+01 3.26674755e+02 ... 0.00000000e+00
    0.00000000e+00 2.57785426e+00]
   [1.41402431e+01 5.98220162e+01 2.97574701e+02 ... 0.00000000e+00
    0.00000000e+00 3.45066884e+00]
   [0.00000000e+00 4.21139111e+00 1.88831310e+02 ... 0.00000000e+00
    0.00000000e+00 6.83816566e+00]]

  ...

  [[0.00000000e+00 0.00000000e+00 0.00000000e+00 ... 0.00000000e+00
    1.70041761e+02 3.74968874e+01]
   [0.00000000e+00 0.00000000e+00 1.03003627e+02 ... 0.00000000e+00
    3.81245271e+02 1.91830421e+02]
   [1.16245710e+02 6.80396838e+01 7.23975212e+01 ... 0.00000000e+00
    1.99025536e+01 0.00000000e+00]
   ...
   [0.00000000e+00 5.98707379e+01 2.58416894e+02 ... 0.00000000e+00
    0.00000000e+00 3.21005481e+00]
   [3.92728890e+01 8.95577896e+01 2.42966460e+02 ... 0.00000000e+00
    0.00000000e+00 4.70135670e+00]
   [0.00000000e+00 0.00000000e+00 1.52470009e+02 ... 0.00000000e+00
    1.27192051e+01 8.25098225e+00]]

  [[0.00000000e+00 0.00000000e+00 8.34223547e+00 ... 0.00000000e+00
    2.88355313e+02 0.00000000e+00]
   [0.00000000e+00 0.00000000e+00 1.26538470e+02 ... 6.58462545e+01
    6.57094889e+02 0.00000000e+00]
   [0.00000000e+00 9.63212280e+01 1.24166795e+02 ... 1.15665922e+02
    3.06647345e+02 0.00000000e+00]
   ...
   [4.45998769e+01 1.04335481e+02 2.34708625e+02 ... 8.10732738e+00
    0.00000000e+00 0.00000000e+00]
   [8.95706923e+01 1.11677743e+02 2.21108472e+02 ... 1.12330822e+01
    0.00000000e+00 0.00000000e+00]
   [3.09148066e+00 0.00000000e+00 1.38843933e+02 ... 0.00000000e+00
    0.00000000e+00 1.01686943e+01]]

  [[0.00000000e+00 0.00000000e+00 0.00000000e+00 ... 1.93765279e+01
    0.00000000e+00 1.17810188e+01]
   [5.30050479e+01 0.00000000e+00 2.05875547e+01 ... 8.40508184e+01
    3.07413711e+02 3.58247469e+01]
   [2.25551190e+02 9.37877550e+01 1.76253381e+01 ... 1.09375009e+02
    1.37712024e+02 0.00000000e+00]
   ...
   [0.00000000e+00 0.00000000e+00 1.37235951e+02 ... 0.00000000e+00
    5.70558272e+00 2.07349153e+01]
   [0.00000000e+00 0.00000000e+00 1.31122597e+02 ... 0.00000000e+00
    0.00000000e+00 3.28956429e+01]
   [0.00000000e+00 0.00000000e+00 8.40631272e+01 ... 0.00000000e+00
    0.00000000e+00 3.74969769e+01]]]]
maxpool
(1, 112, 112, 64)
[[[[0. 0. 0. ... 0. 0. 0.]
   [0. 0. 0. ... 0. 0. 0.]
   [0. 0. 0. ... 0. 0. 0.]
   ...
   [0. 0. 0. ... 0. 0. 0.]
   [0. 0. 0. ... 0. 0. 0.]
   [0. 0. 0. ... 0. 0. 0.]]

  [[0. 0. 0. ... 0. 0. 0.]
   [0. 0. 0. ... 0. 0. 0.]
   [0. 0. 0. ... 0. 0. 0.]
   ...
   [0. 0. 0. ... 0. 0. 0.]
   [0. 0. 0. ... 0. 0. 0.]
   [0. 0. 0. ... 0. 0. 0.]]

  [[0. 0. 0. ... 0. 0. 0.]
   [0. 0. 0. ... 0. 0. 0.]
   [0. 0. 0. ... 0. 0. 0.]
   ...
   [0. 0. 0. ... 0. 0. 0.]
   [0. 0. 0. ... 0. 0. 0.]
   [0. 0. 0. ... 0. 0. 0.]]

  ...

  [[0. 0. 0. ... 0. 0. 0.]
   [0. 0. 0. ... 0. 0. 0.]
   [0. 0. 0. ... 0. 0. 0.]
   ...
   [0. 0. 0. ... 0. 0. 0.]
   [0. 0. 0. ... 0. 0. 0.]
   [0. 0. 0. ... 0. 0. 0.]]

  [[0. 0. 0. ... 0. 0. 0.]
   [0. 0. 0. ... 0. 0. 0.]
   [0. 0. 0. ... 0. 0. 0.]
   ...
   [0. 0. 0. ... 0. 0. 0.]
   [0. 0. 0. ... 0. 0. 0.]
   [0. 0. 0. ... 0. 0. 0.]]

  [[0. 0. 0. ... 0. 0. 0.]
   [0. 0. 0. ... 0. 0. 0.]
   [0. 0. 0. ... 0. 0. 0.]
   ...
   [0. 0. 0. ... 0. 0. 0.]
   [0. 0. 0. ... 0. 0. 0.]
   [0. 0. 0. ... 0. 0. 0.]]]]
layer2
(1, 112, 112, 128)
[[[[0.         0.06440781 0.         ... 0.31667921 0.09598574
    0.13152032]
   [0.         0.06440781 0.         ... 0.31667921 0.09598574
    0.13152032]
   [0.         0.06440781 0.         ... 0.31667921 0.09598574
    0.13152032]
   ...
   [0.         0.06440781 0.         ... 0.31667921 0.09598574
    0.13152032]
   [0.         0.06440781 0.         ... 0.31667921 0.09598574
    0.13152032]
   [0.         0.06440781 0.         ... 0.31667921 0.09598574
    0.13152032]]

  [[0.         0.06440781 0.         ... 0.31667921 0.09598574
    0.13152032]
   [0.         0.06440781 0.         ... 0.31667921 0.09598574
    0.13152032]
   [0.         0.06440781 0.         ... 0.31667921 0.09598574
    0.13152032]
   ...
   [0.         0.06440781 0.         ... 0.31667921 0.09598574
    0.13152032]
   [0.         0.06440781 0.         ... 0.31667921 0.09598574
    0.13152032]
   [0.         0.06440781 0.         ... 0.31667921 0.09598574
    0.13152032]]

  [[0.         0.06440781 0.         ... 0.31667921 0.09598574
    0.13152032]
   [0.         0.06440781 0.         ... 0.31667921 0.09598574
    0.13152032]
   [0.         0.06440781 0.         ... 0.31667921 0.09598574
    0.13152032]
   ...
   [0.         0.06440781 0.         ... 0.31667921 0.09598574
    0.13152032]
   [0.         0.06440781 0.         ... 0.31667921 0.09598574
    0.13152032]
   [0.         0.06440781 0.         ... 0.31667921 0.09598574
    0.13152032]]

  ...

  [[0.         0.06440781 0.         ... 0.31667921 0.09598574
    0.13152032]
   [0.         0.06440781 0.         ... 0.31667921 0.09598574
    0.13152032]
   [0.         0.06440781 0.         ... 0.31667921 0.09598574
    0.13152032]
   ...
   [0.         0.06440781 0.         ... 0.31667921 0.09598574
    0.13152032]
   [0.         0.06440781 0.         ... 0.31667921 0.09598574
    0.13152032]
   [0.         0.06440781 0.         ... 0.31667921 0.09598574
    0.13152032]]

  [[0.         0.06440781 0.         ... 0.31667921 0.09598574
    0.13152032]
   [0.         0.06440781 0.         ... 0.31667921 0.09598574
    0.13152032]
   [0.         0.06440781 0.         ... 0.31667921 0.09598574
    0.13152032]
   ...
   [0.         0.06440781 0.         ... 0.31667921 0.09598574
    0.13152032]
   [0.         0.06440781 0.         ... 0.31667921 0.09598574
    0.13152032]
   [0.         0.06440781 0.         ... 0.31667921 0.09598574
    0.13152032]]

  [[0.         0.06440781 0.         ... 0.31667921 0.09598574
    0.13152032]
   [0.         0.06440781 0.         ... 0.31667921 0.09598574
    0.13152032]
   [0.         0.06440781 0.         ... 0.31667921 0.09598574
    0.13152032]
   ...
   [0.         0.06440781 0.         ... 0.31667921 0.09598574
    0.13152032]
   [0.         0.06440781 0.         ... 0.31667921 0.09598574
    0.13152032]
   [0.         0.06440781 0.         ... 0.31667921 0.09598574
    0.13152032]]]]
layer3
(1, 112, 112, 128)
[[[[0.         0.         0.         ... 0.28239093 0.
    0.26923044]
   [0.         0.         0.         ... 0.31892077 0.37547436
    0.22095252]
   [0.         0.         0.         ... 0.31892077 0.37547436
    0.22095252]
   ...
   [0.         0.         0.         ... 0.31892077 0.37547436
    0.22095252]
   [0.         0.         0.         ... 0.31892077 0.37547436
    0.22095252]
   [0.         0.         0.         ... 0.23759314 0.57877328
    0.13097298]]

  [[0.05543728 0.         0.         ... 0.36549975 0.
    0.25830553]
   [0.         0.         0.         ... 0.47055355 0.25834352
    0.1747432 ]
   [0.         0.         0.         ... 0.47055355 0.25834352
    0.1747432 ]
   ...
   [0.         0.         0.         ... 0.47055355 0.25834352
    0.1747432 ]
   [0.         0.         0.         ... 0.47055355 0.25834352
    0.1747432 ]
   [0.         0.         0.         ... 0.34195637 0.58955456
    0.04579829]]

  [[0.05543728 0.         0.         ... 0.36549975 0.
    0.25830553]
   [0.         0.         0.         ... 0.47055355 0.25834352
    0.1747432 ]
   [0.         0.         0.         ... 0.47055355 0.25834352
    0.1747432 ]
   ...
   [0.         0.         0.         ... 0.47055355 0.25834352
    0.1747432 ]
   [0.         0.         0.         ... 0.47055355 0.25834352
    0.1747432 ]
   [0.         0.         0.         ... 0.34195637 0.58955456
    0.04579829]]

  ...

  [[0.05543728 0.         0.         ... 0.36549975 0.
    0.25830553]
   [0.         0.         0.         ... 0.47055355 0.25834352
    0.1747432 ]
   [0.         0.         0.         ... 0.47055355 0.25834352
    0.1747432 ]
   ...
   [0.         0.         0.         ... 0.47055355 0.25834352
    0.1747432 ]
   [0.         0.         0.         ... 0.47055355 0.25834352
    0.1747432 ]
   [0.         0.         0.         ... 0.34195637 0.58955456
    0.04579829]]

  [[0.05543728 0.         0.         ... 0.36549975 0.
    0.25830553]
   [0.         0.         0.         ... 0.47055355 0.25834352
    0.1747432 ]
   [0.         0.         0.         ... 0.47055355 0.25834352
    0.1747432 ]
   ...
   [0.         0.         0.         ... 0.47055355 0.25834352
    0.1747432 ]
   [0.         0.         0.         ... 0.47055355 0.25834352
    0.1747432 ]
   [0.         0.         0.         ... 0.34195637 0.58955456
    0.04579829]]

  [[0.08108638 0.         0.         ... 0.19493212 0.
    0.26150343]
   [0.05118698 0.         0.         ... 0.23792706 0.0435855
    0.19057433]
   [0.05118698 0.         0.         ... 0.23792706 0.0435855
    0.19057433]
   ...
   [0.05118698 0.         0.         ... 0.23792706 0.0435855
    0.19057433]
   [0.05118698 0.         0.         ... 0.23792706 0.0435855
    0.19057433]
   [0.         0.02559177 0.         ... 0.20753115 0.31427819
    0.10168214]]]]
maxpool
(1, 56, 56, 128)
[[[[0. 0. 0. ... 0. 0. 0.]
   [0. 0. 0. ... 0. 0. 0.]
   [0. 0. 0. ... 0. 0. 0.]
   ...
   [0. 0. 0. ... 0. 0. 0.]
   [0. 0. 0. ... 0. 0. 0.]
   [0. 0. 0. ... 0. 0. 0.]]

  [[0. 0. 0. ... 0. 0. 0.]
   [0. 0. 0. ... 0. 0. 0.]
   [0. 0. 0. ... 0. 0. 0.]
   ...
   [0. 0. 0. ... 0. 0. 0.]
   [0. 0. 0. ... 0. 0. 0.]
   [0. 0. 0. ... 0. 0. 0.]]

  [[0. 0. 0. ... 0. 0. 0.]
   [0. 0. 0. ... 0. 0. 0.]
   [0. 0. 0. ... 0. 0. 0.]
   ...
   [0. 0. 0. ... 0. 0. 0.]
   [0. 0. 0. ... 0. 0. 0.]
   [0. 0. 0. ... 0. 0. 0.]]

  ...

  [[0. 0. 0. ... 0. 0. 0.]
   [0. 0. 0. ... 0. 0. 0.]
   [0. 0. 0. ... 0. 0. 0.]
   ...
   [0. 0. 0. ... 0. 0. 0.]
   [0. 0. 0. ... 0. 0. 0.]
   [0. 0. 0. ... 0. 0. 0.]]

  [[0. 0. 0. ... 0. 0. 0.]
   [0. 0. 0. ... 0. 0. 0.]
   [0. 0. 0. ... 0. 0. 0.]
   ...
   [0. 0. 0. ... 0. 0. 0.]
   [0. 0. 0. ... 0. 0. 0.]
   [0. 0. 0. ... 0. 0. 0.]]

  [[0. 0. 0. ... 0. 0. 0.]
   [0. 0. 0. ... 0. 0. 0.]
   [0. 0. 0. ... 0. 0. 0.]
   ...
   [0. 0. 0. ... 0. 0. 0.]
   [0. 0. 0. ... 0. 0. 0.]
   [0. 0. 0. ... 0. 0. 0.]]]]
layer4
(1, 56, 56, 256)
[[[[0.         0.         0.19985807 ... 0.05250352 0.
    0.        ]
   [0.         0.         0.19985807 ... 0.05250352 0.
    0.        ]
   [0.         0.         0.19985807 ... 0.05250352 0.
    0.        ]
   ...
   [0.         0.         0.19985807 ... 0.05250352 0.
    0.        ]
   [0.         0.         0.19985807 ... 0.05250352 0.
    0.        ]
   [0.         0.         0.19985807 ... 0.05250352 0.
    0.        ]]

  [[0.         0.         0.19985807 ... 0.05250352 0.
    0.        ]
   [0.         0.         0.19985807 ... 0.05250352 0.
    0.        ]
   [0.         0.         0.19985807 ... 0.05250352 0.
    0.        ]
   ...
   [0.         0.         0.19985807 ... 0.05250352 0.
    0.        ]
   [0.         0.         0.19985807 ... 0.05250352 0.
    0.        ]
   [0.         0.         0.19985807 ... 0.05250352 0.
    0.        ]]

  [[0.         0.         0.19985807 ... 0.05250352 0.
    0.        ]
   [0.         0.         0.19985807 ... 0.05250352 0.
    0.        ]
   [0.         0.         0.19985807 ... 0.05250352 0.
    0.        ]
   ...
   [0.         0.         0.19985807 ... 0.05250352 0.
    0.        ]
   [0.         0.         0.19985807 ... 0.05250352 0.
    0.        ]
   [0.         0.         0.19985807 ... 0.05250352 0.
    0.        ]]

  ...

  [[0.         0.         0.19985807 ... 0.05250352 0.
    0.        ]
   [0.         0.         0.19985807 ... 0.05250352 0.
    0.        ]
   [0.         0.         0.19985807 ... 0.05250352 0.
    0.        ]
   ...
   [0.         0.         0.19985807 ... 0.05250352 0.
    0.        ]
   [0.         0.         0.19985807 ... 0.05250352 0.
    0.        ]
   [0.         0.         0.19985807 ... 0.05250352 0.
    0.        ]]

  [[0.         0.         0.19985807 ... 0.05250352 0.
    0.        ]
   [0.         0.         0.19985807 ... 0.05250352 0.
    0.        ]
   [0.         0.         0.19985807 ... 0.05250352 0.
    0.        ]
   ...
   [0.         0.         0.19985807 ... 0.05250352 0.
    0.        ]
   [0.         0.         0.19985807 ... 0.05250352 0.
    0.        ]
   [0.         0.         0.19985807 ... 0.05250352 0.
    0.        ]]

  [[0.         0.         0.19985807 ... 0.05250352 0.
    0.        ]
   [0.         0.         0.19985807 ... 0.05250352 0.
    0.        ]
   [0.         0.         0.19985807 ... 0.05250352 0.
    0.        ]
   ...
   [0.         0.         0.19985807 ... 0.05250352 0.
    0.        ]
   [0.         0.         0.19985807 ... 0.05250352 0.
    0.        ]
   [0.         0.         0.19985807 ... 0.05250352 0.
    0.        ]]]]
layer5
(1, 56, 56, 256)
[[[[0.0317981  0.03351949 0.17720002 ... 0.1281233  0.18828674
    0.18741665]
   [0.09311372 0.06158784 0.24001595 ... 0.17091918 0.22623981
    0.2126474 ]
   [0.09311372 0.06158784 0.24001595 ... 0.17091918 0.22623981
    0.2126474 ]
   ...
   [0.09311372 0.06158784 0.24001595 ... 0.17091918 0.22623981
    0.2126474 ]
   [0.09311372 0.06158784 0.24001595 ... 0.17091918 0.22623981
    0.2126474 ]
   [0.11777345 0.06796233 0.21107186 ... 0.15036956 0.17918076
    0.2128385 ]]

  [[0.         0.         0.21937997 ... 0.16800635 0.23264744
    0.23777541]
   [0.02558185 0.02604734 0.32130254 ... 0.23215925 0.28848099
    0.28649458]
   [0.02558185 0.02604734 0.32130254 ... 0.23215925 0.28848099
    0.28649458]
   ...
   [0.02558185 0.02604734 0.32130254 ... 0.23215925 0.28848099
    0.28649458]
   [0.02558185 0.02604734 0.32130254 ... 0.23215925 0.28848099
    0.28649458]
   [0.09358947 0.04930324 0.28754003 ... 0.19147269 0.22213901
    0.26454719]]

  [[0.         0.         0.21937997 ... 0.16800635 0.23264744
    0.23777541]
   [0.02558185 0.02604734 0.32130254 ... 0.23215925 0.28848099
    0.28649458]
   [0.02558185 0.02604734 0.32130254 ... 0.23215925 0.28848099
    0.28649458]
   ...
   [0.02558185 0.02604734 0.32130254 ... 0.23215925 0.28848099
    0.28649458]
   [0.02558185 0.02604734 0.32130254 ... 0.23215925 0.28848099
    0.28649458]
   [0.09358947 0.04930324 0.28754003 ... 0.19147269 0.22213901
    0.26454719]]

  ...

  [[0.         0.         0.21937997 ... 0.16800635 0.23264744
    0.23777541]
   [0.02558185 0.02604734 0.32130254 ... 0.23215925 0.28848099
    0.28649458]
   [0.02558185 0.02604734 0.32130254 ... 0.23215925 0.28848099
    0.28649458]
   ...
   [0.02558185 0.02604734 0.32130254 ... 0.23215925 0.28848099
    0.28649458]
   [0.02558185 0.02604734 0.32130254 ... 0.23215925 0.28848099
    0.28649458]
   [0.09358947 0.04930324 0.28754003 ... 0.19147269 0.22213901
    0.26454719]]

  [[0.         0.         0.21937997 ... 0.16800635 0.23264744
    0.23777541]
   [0.02558185 0.02604734 0.32130254 ... 0.23215925 0.28848099
    0.28649458]
   [0.02558185 0.02604734 0.32130254 ... 0.23215925 0.28848099
    0.28649458]
   ...
   [0.02558185 0.02604734 0.32130254 ... 0.23215925 0.28848099
    0.28649458]
   [0.02558185 0.02604734 0.32130254 ... 0.23215925 0.28848099
    0.28649458]
   [0.09358947 0.04930324 0.28754003 ... 0.19147269 0.22213901
    0.26454719]]

  [[0.         0.         0.21166001 ... 0.14828575 0.18987848
    0.23042678]
   [0.         0.         0.29542871 ... 0.19049711 0.22804987
    0.26936404]
   [0.         0.         0.29542871 ... 0.19049711 0.22804987
    0.26936404]
   ...
   [0.         0.         0.29542871 ... 0.19049711 0.22804987
    0.26936404]
   [0.         0.         0.29542871 ... 0.19049711 0.22804987
    0.26936404]
   [0.03817508 0.00705248 0.2632135  ... 0.15732262 0.1827544
    0.24594305]]]]
layer6
(1, 56, 56, 256)
[[[[4.75863196e-02 2.77191106e-01 0.00000000e+00 ... 0.00000000e+00
    0.00000000e+00 0.00000000e+00]
   [0.00000000e+00 2.21039373e-01 0.00000000e+00 ... 0.00000000e+00
    0.00000000e+00 0.00000000e+00]
   [0.00000000e+00 2.38024556e-01 0.00000000e+00 ... 0.00000000e+00
    0.00000000e+00 0.00000000e+00]
   ...
   [0.00000000e+00 2.38024556e-01 0.00000000e+00 ... 0.00000000e+00
    0.00000000e+00 0.00000000e+00]
   [0.00000000e+00 1.99122168e-01 0.00000000e+00 ... 0.00000000e+00
    0.00000000e+00 0.00000000e+00]
   [4.09721284e-02 1.46214932e-01 0.00000000e+00 ... 0.00000000e+00
    0.00000000e+00 0.00000000e+00]]

  [[0.00000000e+00 2.85117798e-01 0.00000000e+00 ... 0.00000000e+00
    0.00000000e+00 0.00000000e+00]
   [0.00000000e+00 1.61036108e-01 0.00000000e+00 ... 0.00000000e+00
    0.00000000e+00 0.00000000e+00]
   [0.00000000e+00 1.82117485e-01 0.00000000e+00 ... 0.00000000e+00
    0.00000000e+00 0.00000000e+00]
   ...
   [0.00000000e+00 1.82117485e-01 0.00000000e+00 ... 0.00000000e+00
    0.00000000e+00 0.00000000e+00]
   [0.00000000e+00 1.29605832e-01 0.00000000e+00 ... 0.00000000e+00
    0.00000000e+00 0.00000000e+00]
   [0.00000000e+00 9.30288376e-02 0.00000000e+00 ... 0.00000000e+00
    0.00000000e+00 0.00000000e+00]]

  [[0.00000000e+00 2.99008445e-01 0.00000000e+00 ... 0.00000000e+00
    0.00000000e+00 0.00000000e+00]
   [0.00000000e+00 1.69237264e-01 0.00000000e+00 ... 0.00000000e+00
    0.00000000e+00 0.00000000e+00]
   [0.00000000e+00 1.92747556e-01 0.00000000e+00 ... 0.00000000e+00
    0.00000000e+00 0.00000000e+00]
   ...
   [0.00000000e+00 1.92747556e-01 0.00000000e+00 ... 0.00000000e+00
    0.00000000e+00 0.00000000e+00]
   [0.00000000e+00 1.36780458e-01 0.00000000e+00 ... 0.00000000e+00
    0.00000000e+00 0.00000000e+00]
   [0.00000000e+00 9.36139424e-02 0.00000000e+00 ... 0.00000000e+00
    0.00000000e+00 0.00000000e+00]]

  ...

  [[0.00000000e+00 2.99008445e-01 0.00000000e+00 ... 0.00000000e+00
    0.00000000e+00 0.00000000e+00]
   [0.00000000e+00 1.69237264e-01 0.00000000e+00 ... 0.00000000e+00
    0.00000000e+00 0.00000000e+00]
   [0.00000000e+00 1.92747556e-01 0.00000000e+00 ... 0.00000000e+00
    0.00000000e+00 0.00000000e+00]
   ...
   [0.00000000e+00 1.92747556e-01 0.00000000e+00 ... 0.00000000e+00
    0.00000000e+00 0.00000000e+00]
   [0.00000000e+00 1.36780458e-01 0.00000000e+00 ... 0.00000000e+00
    0.00000000e+00 0.00000000e+00]
   [0.00000000e+00 9.36139424e-02 0.00000000e+00 ... 0.00000000e+00
    0.00000000e+00 0.00000000e+00]]

  [[0.00000000e+00 2.41253178e-01 0.00000000e+00 ... 0.00000000e+00
    0.00000000e+00 0.00000000e+00]
   [0.00000000e+00 1.02950324e-01 0.00000000e+00 ... 0.00000000e+00
    0.00000000e+00 0.00000000e+00]
   [0.00000000e+00 1.18669447e-01 0.00000000e+00 ... 0.00000000e+00
    0.00000000e+00 0.00000000e+00]
   ...
   [0.00000000e+00 1.18669447e-01 0.00000000e+00 ... 0.00000000e+00
    0.00000000e+00 0.00000000e+00]
   [0.00000000e+00 7.98295168e-02 0.00000000e+00 ... 0.00000000e+00
    0.00000000e+00 0.00000000e+00]
   [0.00000000e+00 6.28601870e-02 0.00000000e+00 ... 0.00000000e+00
    0.00000000e+00 0.00000000e+00]]

  [[0.00000000e+00 1.01363750e-01 0.00000000e+00 ... 0.00000000e+00
    0.00000000e+00 7.20442250e-03]
   [0.00000000e+00 0.00000000e+00 0.00000000e+00 ... 1.17338750e-02
    0.00000000e+00 2.13157597e-05]
   [0.00000000e+00 0.00000000e+00 0.00000000e+00 ... 3.55996834e-02
    0.00000000e+00 0.00000000e+00]
   ...
   [0.00000000e+00 0.00000000e+00 0.00000000e+00 ... 3.55996834e-02
    0.00000000e+00 0.00000000e+00]
   [0.00000000e+00 0.00000000e+00 0.00000000e+00 ... 0.00000000e+00
    0.00000000e+00 0.00000000e+00]
   [0.00000000e+00 2.42374504e-03 0.00000000e+00 ... 1.30904111e-02
    0.00000000e+00 0.00000000e+00]]]]
maxpool
(1, 28, 28, 256)
[[[[0. 0. 0. ... 0. 0. 0.]
   [0. 0. 0. ... 0. 0. 0.]
   [0. 0. 0. ... 0. 0. 0.]
   ...
   [0. 0. 0. ... 0. 0. 0.]
   [0. 0. 0. ... 0. 0. 0.]
   [0. 0. 0. ... 0. 0. 0.]]

  [[0. 0. 0. ... 0. 0. 0.]
   [0. 0. 0. ... 0. 0. 0.]
   [0. 0. 0. ... 0. 0. 0.]
   ...
   [0. 0. 0. ... 0. 0. 0.]
   [0. 0. 0. ... 0. 0. 0.]
   [0. 0. 0. ... 0. 0. 0.]]

  [[0. 0. 0. ... 0. 0. 0.]
   [0. 0. 0. ... 0. 0. 0.]
   [0. 0. 0. ... 0. 0. 0.]
   ...
   [0. 0. 0. ... 0. 0. 0.]
   [0. 0. 0. ... 0. 0. 0.]
   [0. 0. 0. ... 0. 0. 0.]]

  ...

  [[0. 0. 0. ... 0. 0. 0.]
   [0. 0. 0. ... 0. 0. 0.]
   [0. 0. 0. ... 0. 0. 0.]
   ...
   [0. 0. 0. ... 0. 0. 0.]
   [0. 0. 0. ... 0. 0. 0.]
   [0. 0. 0. ... 0. 0. 0.]]

  [[0. 0. 0. ... 0. 0. 0.]
   [0. 0. 0. ... 0. 0. 0.]
   [0. 0. 0. ... 0. 0. 0.]
   ...
   [0. 0. 0. ... 0. 0. 0.]
   [0. 0. 0. ... 0. 0. 0.]
   [0. 0. 0. ... 0. 0. 0.]]

  [[0. 0. 0. ... 0. 0. 0.]
   [0. 0. 0. ... 0. 0. 0.]
   [0. 0. 0. ... 0. 0. 0.]
   ...
   [0. 0. 0. ... 0. 0. 0.]
   [0. 0. 0. ... 0. 0. 0.]
   [0. 0. 0. ... 0. 0. 0.]]]]
layer7
(1, 28, 28, 512)
[[[[0.01348567 0.00756114 0.06701895 ... 0.03979362 0.
    0.0101658 ]
   [0.01348567 0.00756114 0.06701895 ... 0.03979362 0.
    0.0101658 ]
   [0.01348567 0.00756114 0.06701895 ... 0.03979362 0.
    0.0101658 ]
   ...
   [0.01348567 0.00756114 0.06701895 ... 0.03979362 0.
    0.0101658 ]
   [0.01348567 0.00756114 0.06701895 ... 0.03979362 0.
    0.0101658 ]
   [0.01348567 0.00756114 0.06701895 ... 0.03979362 0.
    0.0101658 ]]

  [[0.01348567 0.00756114 0.06701895 ... 0.03979362 0.
    0.0101658 ]
   [0.01348567 0.00756114 0.06701895 ... 0.03979362 0.
    0.0101658 ]
   [0.01348567 0.00756114 0.06701895 ... 0.03979362 0.
    0.0101658 ]
   ...
   [0.01348567 0.00756114 0.06701895 ... 0.03979362 0.
    0.0101658 ]
   [0.01348567 0.00756114 0.06701895 ... 0.03979362 0.
    0.0101658 ]
   [0.01348567 0.00756114 0.06701895 ... 0.03979362 0.
    0.0101658 ]]

  [[0.01348567 0.00756114 0.06701895 ... 0.03979362 0.
    0.0101658 ]
   [0.01348567 0.00756114 0.06701895 ... 0.03979362 0.
    0.0101658 ]
   [0.01348567 0.00756114 0.06701895 ... 0.03979362 0.
    0.0101658 ]
   ...
   [0.01348567 0.00756114 0.06701895 ... 0.03979362 0.
    0.0101658 ]
   [0.01348567 0.00756114 0.06701895 ... 0.03979362 0.
    0.0101658 ]
   [0.01348567 0.00756114 0.06701895 ... 0.03979362 0.
    0.0101658 ]]

  ...

  [[0.01348567 0.00756114 0.06701895 ... 0.03979362 0.
    0.0101658 ]
   [0.01348567 0.00756114 0.06701895 ... 0.03979362 0.
    0.0101658 ]
   [0.01348567 0.00756114 0.06701895 ... 0.03979362 0.
    0.0101658 ]
   ...
   [0.01348567 0.00756114 0.06701895 ... 0.03979362 0.
    0.0101658 ]
   [0.01348567 0.00756114 0.06701895 ... 0.03979362 0.
    0.0101658 ]
   [0.01348567 0.00756114 0.06701895 ... 0.03979362 0.
    0.0101658 ]]

  [[0.01348567 0.00756114 0.06701895 ... 0.03979362 0.
    0.0101658 ]
   [0.01348567 0.00756114 0.06701895 ... 0.03979362 0.
    0.0101658 ]
   [0.01348567 0.00756114 0.06701895 ... 0.03979362 0.
    0.0101658 ]
   ...
   [0.01348567 0.00756114 0.06701895 ... 0.03979362 0.
    0.0101658 ]
   [0.01348567 0.00756114 0.06701895 ... 0.03979362 0.
    0.0101658 ]
   [0.01348567 0.00756114 0.06701895 ... 0.03979362 0.
    0.0101658 ]]

  [[0.01348567 0.00756114 0.06701895 ... 0.03979362 0.
    0.0101658 ]
   [0.01348567 0.00756114 0.06701895 ... 0.03979362 0.
    0.0101658 ]
   [0.01348567 0.00756114 0.06701895 ... 0.03979362 0.
    0.0101658 ]
   ...
   [0.01348567 0.00756114 0.06701895 ... 0.03979362 0.
    0.0101658 ]
   [0.01348567 0.00756114 0.06701895 ... 0.03979362 0.
    0.0101658 ]
   [0.01348567 0.00756114 0.06701895 ... 0.03979362 0.
    0.0101658 ]]]]
layer8
(1, 28, 28, 512)
[[[[0.         0.         0.04152428 ... 0.06250992 0.10943151
    0.        ]
   [0.         0.         0.06403146 ... 0.03219997 0.1230757
    0.        ]
   [0.         0.         0.06403146 ... 0.03219997 0.1230757
    0.        ]
   ...
   [0.         0.         0.06403146 ... 0.03219997 0.1230757
    0.        ]
   [0.         0.         0.06403146 ... 0.03219997 0.1230757
    0.        ]
   [0.         0.         0.0655479  ... 0.08005264 0.1186477
    0.        ]]

  [[0.         0.07210288 0.02599563 ... 0.11225306 0.0575438
    0.        ]
   [0.         0.08156398 0.04345528 ... 0.10312596 0.07084838
    0.        ]
   [0.         0.08156398 0.04345528 ... 0.10312596 0.07084838
    0.        ]
   ...
   [0.         0.08156398 0.04345528 ... 0.10312596 0.07084838
    0.        ]
   [0.         0.08156398 0.04345528 ... 0.10312596 0.07084838
    0.        ]
   [0.         0.0521071  0.05604763 ... 0.13392539 0.09411843
    0.        ]]

  [[0.         0.07210288 0.02599563 ... 0.11225306 0.0575438
    0.        ]
   [0.         0.08156398 0.04345528 ... 0.10312596 0.07084838
    0.        ]
   [0.         0.08156398 0.04345528 ... 0.10312596 0.07084838
    0.        ]
   ...
   [0.         0.08156398 0.04345528 ... 0.10312596 0.07084838
    0.        ]
   [0.         0.08156398 0.04345528 ... 0.10312596 0.07084838
    0.        ]
   [0.         0.0521071  0.05604763 ... 0.13392539 0.09411843
    0.        ]]

  ...

  [[0.         0.07210288 0.02599563 ... 0.11225306 0.0575438
    0.        ]
   [0.         0.08156398 0.04345528 ... 0.10312596 0.07084838
    0.        ]
   [0.         0.08156398 0.04345528 ... 0.10312596 0.07084838
    0.        ]
   ...
   [0.         0.08156398 0.04345528 ... 0.10312596 0.07084838
    0.        ]
   [0.         0.08156398 0.04345528 ... 0.10312596 0.07084838
    0.        ]
   [0.         0.0521071  0.05604763 ... 0.13392539 0.09411843
    0.        ]]

  [[0.         0.07210288 0.02599563 ... 0.11225306 0.0575438
    0.        ]
   [0.         0.08156398 0.04345528 ... 0.10312596 0.07084838
    0.        ]
   [0.         0.08156398 0.04345528 ... 0.10312596 0.07084838
    0.        ]
   ...
   [0.         0.08156398 0.04345528 ... 0.10312596 0.07084838
    0.        ]
   [0.         0.08156398 0.04345528 ... 0.10312596 0.07084838
    0.        ]
   [0.         0.0521071  0.05604763 ... 0.13392539 0.09411843
    0.        ]]

  [[0.         0.11031303 0.00955087 ... 0.15804303 0.07103802
    0.        ]
   [0.         0.13422173 0.01439097 ... 0.17044508 0.08927111
    0.        ]
   [0.         0.13422173 0.01439097 ... 0.17044508 0.08927111
    0.        ]
   ...
   [0.         0.13422173 0.01439097 ... 0.17044508 0.08927111
    0.        ]
   [0.         0.13422173 0.01439097 ... 0.17044508 0.08927111
    0.        ]
   [0.         0.09396304 0.02709458 ... 0.17296025 0.10255285
    0.        ]]]]
layer9
(1, 28, 28, 512)
[[[[0.         0.         0.         ... 0.07436304 0.
    0.        ]
   [0.         0.         0.         ... 0.0560092  0.
    0.        ]
   [0.         0.         0.         ... 0.04788822 0.
    0.        ]
   ...
   [0.         0.         0.         ... 0.04788822 0.
    0.        ]
   [0.         0.         0.         ... 0.03965827 0.
    0.        ]
   [0.         0.         0.         ... 0.0417369  0.
    0.        ]]

  [[0.         0.         0.         ... 0.08245057 0.
    0.        ]
   [0.         0.         0.         ... 0.06027555 0.
    0.        ]
   [0.         0.         0.         ... 0.04821477 0.
    0.        ]
   ...
   [0.         0.         0.         ... 0.04821477 0.
    0.        ]
   [0.         0.         0.         ... 0.03564293 0.
    0.        ]
   [0.         0.         0.         ... 0.03336914 0.
    0.        ]]

  [[0.         0.         0.         ... 0.08894976 0.
    0.        ]
   [0.         0.         0.         ... 0.0649829  0.
    0.        ]
   [0.         0.         0.         ... 0.05651118 0.
    0.        ]
   ...
   [0.         0.         0.         ... 0.05651118 0.
    0.        ]
   [0.         0.         0.         ... 0.03984836 0.
    0.        ]
   [0.         0.         0.         ... 0.03153196 0.
    0.        ]]

  ...

  [[0.         0.         0.         ... 0.08894976 0.
    0.        ]
   [0.         0.         0.         ... 0.0649829  0.
    0.        ]
   [0.         0.         0.         ... 0.05651118 0.
    0.        ]
   ...
   [0.         0.         0.         ... 0.05651118 0.
    0.        ]
   [0.         0.         0.         ... 0.03984836 0.
    0.        ]
   [0.         0.         0.         ... 0.03153196 0.
    0.        ]]

  [[0.         0.         0.         ... 0.08783832 0.
    0.        ]
   [0.         0.         0.         ... 0.05602202 0.
    0.        ]
   [0.         0.         0.         ... 0.04221955 0.
    0.        ]
   ...
   [0.         0.         0.         ... 0.04221955 0.
    0.        ]
   [0.         0.         0.         ... 0.03315994 0.
    0.        ]
   [0.         0.         0.         ... 0.02344466 0.
    0.        ]]

  [[0.         0.         0.         ... 0.093962   0.
    0.06720423]
   [0.         0.         0.         ... 0.0764195  0.
    0.02344912]
   [0.         0.         0.         ... 0.07011528 0.
    0.01181164]
   ...
   [0.         0.         0.         ... 0.07011528 0.
    0.01181164]
   [0.         0.         0.         ... 0.06488511 0.
    0.02518096]
   [0.         0.         0.01377407 ... 0.0511447  0.
    0.02963702]]]]
maxpool
(1, 14, 14, 512)
[[[[0. 0. 0. ... 0. 0. 0.]
   [0. 0. 0. ... 0. 0. 0.]
   [0. 0. 0. ... 0. 0. 0.]
   ...
   [0. 0. 0. ... 0. 0. 0.]
   [0. 0. 0. ... 0. 0. 0.]
   [0. 0. 0. ... 0. 0. 0.]]

  [[0. 0. 0. ... 0. 0. 0.]
   [0. 0. 0. ... 0. 0. 0.]
   [0. 0. 0. ... 0. 0. 0.]
   ...
   [0. 0. 0. ... 0. 0. 0.]
   [0. 0. 0. ... 0. 0. 0.]
   [0. 0. 0. ... 0. 0. 0.]]

  [[0. 0. 0. ... 0. 0. 0.]
   [0. 0. 0. ... 0. 0. 0.]
   [0. 0. 0. ... 0. 0. 0.]
   ...
   [0. 0. 0. ... 0. 0. 0.]
   [0. 0. 0. ... 0. 0. 0.]
   [0. 0. 0. ... 0. 0. 0.]]

  ...

  [[0. 0. 0. ... 0. 0. 0.]
   [0. 0. 0. ... 0. 0. 0.]
   [0. 0. 0. ... 0. 0. 0.]
   ...
   [0. 0. 0. ... 0. 0. 0.]
   [0. 0. 0. ... 0. 0. 0.]
   [0. 0. 0. ... 0. 0. 0.]]

  [[0. 0. 0. ... 0. 0. 0.]
   [0. 0. 0. ... 0. 0. 0.]
   [0. 0. 0. ... 0. 0. 0.]
   ...
   [0. 0. 0. ... 0. 0. 0.]
   [0. 0. 0. ... 0. 0. 0.]
   [0. 0. 0. ... 0. 0. 0.]]

  [[0. 0. 0. ... 0. 0. 0.]
   [0. 0. 0. ... 0. 0. 0.]
   [0. 0. 0. ... 0. 0. 0.]
   ...
   [0. 0. 0. ... 0. 0. 0.]
   [0. 0. 0. ... 0. 0. 0.]
   [0. 0. 0. ... 0. 0. 0.]]]]
layer10
(1, 14, 14, 512)
[[[[0.09722325 0.         0.15150416 ... 0.03089557 0.12093141
    0.63974851]
   [0.09722325 0.         0.15150416 ... 0.03089557 0.12093141
    0.63974851]
   [0.09722325 0.         0.15150416 ... 0.03089557 0.12093141
    0.63974851]
   ...
   [0.09722325 0.         0.15150416 ... 0.03089557 0.12093141
    0.63974851]
   [0.09722325 0.         0.15150416 ... 0.03089557 0.12093141
    0.63974851]
   [0.09722325 0.         0.15150416 ... 0.03089557 0.12093141
    0.63974851]]

  [[0.09722325 0.         0.15150416 ... 0.03089557 0.12093141
    0.63974851]
   [0.09722325 0.         0.15150416 ... 0.03089557 0.12093141
    0.63974851]
   [0.09722325 0.         0.15150416 ... 0.03089557 0.12093141
    0.63974851]
   ...
   [0.09722325 0.         0.15150416 ... 0.03089557 0.12093141
    0.63974851]
   [0.09722325 0.         0.15150416 ... 0.03089557 0.12093141
    0.63974851]
   [0.09722325 0.         0.15150416 ... 0.03089557 0.12093141
    0.63974851]]

  [[0.09722325 0.         0.15150416 ... 0.03089557 0.12093141
    0.63974851]
   [0.09722325 0.         0.15150416 ... 0.03089557 0.12093141
    0.63974851]
   [0.09722325 0.         0.15150416 ... 0.03089557 0.12093141
    0.63974851]
   ...
   [0.09722325 0.         0.15150416 ... 0.03089557 0.12093141
    0.63974851]
   [0.09722325 0.         0.15150416 ... 0.03089557 0.12093141
    0.63974851]
   [0.09722325 0.         0.15150416 ... 0.03089557 0.12093141
    0.63974851]]

  ...

  [[0.09722325 0.         0.15150416 ... 0.03089557 0.12093141
    0.63974851]
   [0.09722325 0.         0.15150416 ... 0.03089557 0.12093141
    0.63974851]
   [0.09722325 0.         0.15150416 ... 0.03089557 0.12093141
    0.63974851]
   ...
   [0.09722325 0.         0.15150416 ... 0.03089557 0.12093141
    0.63974851]
   [0.09722325 0.         0.15150416 ... 0.03089557 0.12093141
    0.63974851]
   [0.09722325 0.         0.15150416 ... 0.03089557 0.12093141
    0.63974851]]

  [[0.09722325 0.         0.15150416 ... 0.03089557 0.12093141
    0.63974851]
   [0.09722325 0.         0.15150416 ... 0.03089557 0.12093141
    0.63974851]
   [0.09722325 0.         0.15150416 ... 0.03089557 0.12093141
    0.63974851]
   ...
   [0.09722325 0.         0.15150416 ... 0.03089557 0.12093141
    0.63974851]
   [0.09722325 0.         0.15150416 ... 0.03089557 0.12093141
    0.63974851]
   [0.09722325 0.         0.15150416 ... 0.03089557 0.12093141
    0.63974851]]

  [[0.09722325 0.         0.15150416 ... 0.03089557 0.12093141
    0.63974851]
   [0.09722325 0.         0.15150416 ... 0.03089557 0.12093141
    0.63974851]
   [0.09722325 0.         0.15150416 ... 0.03089557 0.12093141
    0.63974851]
   ...
   [0.09722325 0.         0.15150416 ... 0.03089557 0.12093141
    0.63974851]
   [0.09722325 0.         0.15150416 ... 0.03089557 0.12093141
    0.63974851]
   [0.09722325 0.         0.15150416 ... 0.03089557 0.12093141
    0.63974851]]]]
layer11
(1, 14, 14, 512)
[[[[0.26298848 0.12993842 0.09757081 ... 0.10902858 0.16712664
    0.        ]
   [0.32552772 0.22943715 0.13357262 ... 0.00911608 0.15607748
    0.        ]
   [0.32552772 0.22943715 0.13357262 ... 0.00911608 0.15607748
    0.        ]
   ...
   [0.32552772 0.22943715 0.13357262 ... 0.00911608 0.15607748
    0.        ]
   [0.32552772 0.22943715 0.13357262 ... 0.00911608 0.15607748
    0.        ]
   [0.27083825 0.34378063 0.11177981 ... 0.         0.20420155
    0.        ]]

  [[0.35438635 0.11478041 0.04497572 ... 0.12684071 0.16336724
    0.        ]
   [0.47353715 0.23299241 0.04532419 ... 0.00270612 0.15523551
    0.        ]
   [0.47353715 0.23299241 0.04532419 ... 0.00270612 0.15523551
    0.        ]
   ...
   [0.47353715 0.23299241 0.04532419 ... 0.00270612 0.15523551
    0.        ]
   [0.47353715 0.23299241 0.04532419 ... 0.00270612 0.15523551
    0.        ]
   [0.35879585 0.38174939 0.06720745 ... 0.         0.20207131
    0.        ]]

  [[0.35438635 0.11478041 0.04497572 ... 0.12684071 0.16336724
    0.        ]
   [0.47353715 0.23299241 0.04532419 ... 0.00270612 0.15523551
    0.        ]
   [0.47353715 0.23299241 0.04532419 ... 0.00270612 0.15523551
    0.        ]
   ...
   [0.47353715 0.23299241 0.04532419 ... 0.00270612 0.15523551
    0.        ]
   [0.47353715 0.23299241 0.04532419 ... 0.00270612 0.15523551
    0.        ]
   [0.35879585 0.38174939 0.06720745 ... 0.         0.20207131
    0.        ]]

  ...

  [[0.35438635 0.11478041 0.04497572 ... 0.12684071 0.16336724
    0.        ]
   [0.47353715 0.23299241 0.04532419 ... 0.00270612 0.15523551
    0.        ]
   [0.47353715 0.23299241 0.04532419 ... 0.00270612 0.15523551
    0.        ]
   ...
   [0.47353715 0.23299241 0.04532419 ... 0.00270612 0.15523551
    0.        ]
   [0.47353715 0.23299241 0.04532419 ... 0.00270612 0.15523551
    0.        ]
   [0.35879585 0.38174939 0.06720745 ... 0.         0.20207131
    0.        ]]

  [[0.35438635 0.11478041 0.04497572 ... 0.12684071 0.16336724
    0.        ]
   [0.47353715 0.23299241 0.04532419 ... 0.00270612 0.15523551
    0.        ]
   [0.47353715 0.23299241 0.04532419 ... 0.00270612 0.15523551
    0.        ]
   ...
   [0.47353715 0.23299241 0.04532419 ... 0.00270612 0.15523551
    0.        ]
   [0.47353715 0.23299241 0.04532419 ... 0.00270612 0.15523551
    0.        ]
   [0.35879585 0.38174939 0.06720745 ... 0.         0.20207131
    0.        ]]

  [[0.29415716 0.17446867 0.00303823 ... 0.1364898  0.19361896
    0.        ]
   [0.36324383 0.23511581 0.         ... 0.06797469 0.1807139
    0.        ]
   [0.36324383 0.23511581 0.         ... 0.06797469 0.1807139
    0.        ]
   ...
   [0.36324383 0.23511581 0.         ... 0.06797469 0.1807139
    0.        ]
   [0.36324383 0.23511581 0.         ... 0.06797469 0.1807139
    0.        ]
   [0.28920258 0.3223523  0.01466979 ... 0.01131187 0.20162458
    0.        ]]]]
layer12
(1, 14, 14, 512)
[[[[0.12482662 0.         0.38323479 ... 0.12569652 0.75775255
    0.        ]
   [0.13965394 0.         0.33515379 ... 0.12650795 0.83952272
    0.        ]
   [0.12411916 0.         0.3283243  ... 0.14156795 0.84765433
    0.        ]
   ...
   [0.12411916 0.         0.3283243  ... 0.14156795 0.84765433
    0.        ]
   [0.13761954 0.         0.34172945 ... 0.12111108 0.81497406
    0.        ]
   [0.15326636 0.         0.43214575 ... 0.12131953 0.79468788
    0.        ]]

  [[0.0840396  0.         0.39566034 ... 0.         0.70385284
    0.        ]
   [0.06030184 0.         0.30744082 ... 0.         0.77952666
    0.        ]
   [0.03016637 0.         0.28881954 ... 0.         0.78881587
    0.        ]
   ...
   [0.03016637 0.         0.28881954 ... 0.         0.78881587
    0.        ]
   [0.0553103  0.         0.30739049 ... 0.         0.76051766
    0.        ]
   [0.07540008 0.         0.41822253 ... 0.         0.80822251
    0.        ]]

  [[0.07068178 0.         0.40563913 ... 0.         0.69824107
    0.        ]
   [0.03907631 0.         0.31637557 ... 0.         0.7717514
    0.        ]
   [0.00462579 0.         0.29879132 ... 0.         0.77873713
    0.        ]
   ...
   [0.00462579 0.         0.29879132 ... 0.         0.77873713
    0.        ]
   [0.03606347 0.         0.31227535 ... 0.         0.75087125
    0.        ]
   [0.06149287 0.         0.42076855 ... 0.         0.80881498
    0.        ]]

  ...

  [[0.07068178 0.         0.40563913 ... 0.         0.69824107
    0.        ]
   [0.03907631 0.         0.31637557 ... 0.         0.7717514
    0.        ]
   [0.00462579 0.         0.29879132 ... 0.         0.77873713
    0.        ]
   ...
   [0.00462579 0.         0.29879132 ... 0.         0.77873713
    0.        ]
   [0.03606347 0.         0.31227535 ... 0.         0.75087125
    0.        ]
   [0.06149287 0.         0.42076855 ... 0.         0.80881498
    0.        ]]

  [[0.05683029 0.         0.43019471 ... 0.         0.67032311
    0.        ]
   [0.01340747 0.         0.34755828 ... 0.         0.73845855
    0.        ]
   [0.         0.         0.32544471 ... 0.         0.74693343
    0.        ]
   ...
   [0.         0.         0.32544471 ... 0.         0.74693343
    0.        ]
   [0.01022164 0.         0.33892951 ... 0.         0.72811551
    0.        ]
   [0.04838057 0.         0.43390056 ... 0.         0.79542514
    0.        ]]

  [[0.08650139 0.         0.48169612 ... 0.         0.60092983
    0.        ]
   [0.05165567 0.         0.40544212 ... 0.         0.64969327
    0.        ]
   [0.02904673 0.         0.39170699 ... 0.         0.65606415
    0.        ]
   ...
   [0.02904673 0.         0.39170699 ... 0.         0.65606415
    0.        ]
   [0.05408884 0.         0.39202188 ... 0.         0.65479326
    0.        ]
   [0.08805852 0.         0.44950577 ... 0.         0.73204297
    0.        ]]]]
maxpool
(1, 7, 7, 512)
[[[[0. 0. 0. ... 0. 0. 0.]
   [0. 0. 0. ... 0. 0. 0.]
   [0. 0. 0. ... 0. 0. 0.]
   ...
   [0. 0. 0. ... 0. 0. 0.]
   [0. 0. 0. ... 0. 0. 0.]
   [0. 0. 0. ... 0. 0. 0.]]

  [[0. 0. 0. ... 0. 0. 0.]
   [0. 0. 0. ... 0. 0. 0.]
   [0. 0. 0. ... 0. 0. 0.]
   ...
   [0. 0. 0. ... 0. 0. 0.]
   [0. 0. 0. ... 0. 0. 0.]
   [0. 0. 0. ... 0. 0. 0.]]

  [[0. 0. 0. ... 0. 0. 0.]
   [0. 0. 0. ... 0. 0. 0.]
   [0. 0. 0. ... 0. 0. 0.]
   ...
   [0. 0. 0. ... 0. 0. 0.]
   [0. 0. 0. ... 0. 0. 0.]
   [0. 0. 0. ... 0. 0. 0.]]

  ...

  [[0. 0. 0. ... 0. 0. 0.]
   [0. 0. 0. ... 0. 0. 0.]
   [0. 0. 0. ... 0. 0. 0.]
   ...
   [0. 0. 0. ... 0. 0. 0.]
   [0. 0. 0. ... 0. 0. 0.]
   [0. 0. 0. ... 0. 0. 0.]]

  [[0. 0. 0. ... 0. 0. 0.]
   [0. 0. 0. ... 0. 0. 0.]
   [0. 0. 0. ... 0. 0. 0.]
   ...
   [0. 0. 0. ... 0. 0. 0.]
   [0. 0. 0. ... 0. 0. 0.]
   [0. 0. 0. ... 0. 0. 0.]]

  [[0. 0. 0. ... 0. 0. 0.]
   [0. 0. 0. ... 0. 0. 0.]
   [0. 0. 0. ... 0. 0. 0.]
   ...
   [0. 0. 0. ... 0. 0. 0.]
   [0. 0. 0. ... 0. 0. 0.]
   [0. 0. 0. ... 0. 0. 0.]]]]
layer13
(1, 4096)
[[0.         0.12655699 0.         ... 0.         0.17445327 0.        ]]
layer14
(1, 4096)
[[0.55847    0.5683563  0.64955093 ... 0.44803603 0.44780427 0.60900892]]
layer15
(1, 1000)
[[0.00000000e+00 0.00000000e+00 0.00000000e+00 0.00000000e+00
  2.67680784e-01 3.76425110e-01 5.60648451e-01 1.05959803e-01
  1.08112098e-01 0.00000000e+00 0.00000000e+00 0.00000000e+00
  0.00000000e+00 0.00000000e+00 0.00000000e+00 0.00000000e+00
  0.00000000e+00 0.00000000e+00 0.00000000e+00 0.00000000e+00
  0.00000000e+00 0.00000000e+00 0.00000000e+00 4.25236655e-02
  0.00000000e+00 0.00000000e+00 0.00000000e+00 0.00000000e+00
  0.00000000e+00 6.44996344e-01 0.00000000e+00 0.00000000e+00
  0.00000000e+00 4.31032928e-01 2.75321345e-01 0.00000000e+00
  6.25891439e-01 0.00000000e+00 0.00000000e+00 4.54283213e-01
  0.00000000e+00 0.00000000e+00 0.00000000e+00 0.00000000e+00
  0.00000000e+00 0.00000000e+00 0.00000000e+00 0.00000000e+00
  0.00000000e+00 0.00000000e+00 2.93811609e-01 6.31452786e-01
  0.00000000e+00 0.00000000e+00 0.00000000e+00 0.00000000e+00
  0.00000000e+00 0.00000000e+00 2.34145637e-01 0.00000000e+00
  6.38514606e-01 4.31672237e-01 9.88321795e-02 1.37260244e-01
  0.00000000e+00 0.00000000e+00 0.00000000e+00 2.20675833e-02
  0.00000000e+00 0.00000000e+00 0.00000000e+00 0.00000000e+00
  0.00000000e+00 0.00000000e+00 0.00000000e+00 0.00000000e+00
  4.97358215e-01 0.00000000e+00 1.62874791e-03 2.94093920e-01
  0.00000000e+00 0.00000000e+00 6.17274866e-02 0.00000000e+00
  0.00000000e+00 3.57017908e-01 1.90434052e-02 6.96364465e-01
  0.00000000e+00 0.00000000e+00 0.00000000e+00 0.00000000e+00
  0.00000000e+00 0.00000000e+00 0.00000000e+00 0.00000000e+00
  0.00000000e+00 0.00000000e+00 0.00000000e+00 0.00000000e+00
  0.00000000e+00 0.00000000e+00 0.00000000e+00 4.47777232e-01
  5.27152413e-01 0.00000000e+00 3.58990403e-01 0.00000000e+00
  0.00000000e+00 0.00000000e+00 0.00000000e+00 0.00000000e+00
  1.00677040e+00 1.35051258e-01 0.00000000e+00 0.00000000e+00
  0.00000000e+00 0.00000000e+00 4.72901757e-01 0.00000000e+00
  0.00000000e+00 0.00000000e+00 0.00000000e+00 0.00000000e+00
  7.36799795e-01 1.70831427e-01 1.13210848e-01 0.00000000e+00
  0.00000000e+00 0.00000000e+00 0.00000000e+00 0.00000000e+00
  0.00000000e+00 0.00000000e+00 0.00000000e+00 0.00000000e+00
  0.00000000e+00 0.00000000e+00 0.00000000e+00 0.00000000e+00
  0.00000000e+00 0.00000000e+00 0.00000000e+00 0.00000000e+00
  0.00000000e+00 0.00000000e+00 0.00000000e+00 0.00000000e+00
  0.00000000e+00 0.00000000e+00 4.18993635e-01 1.48741467e+00
  0.00000000e+00 5.56103659e-01 4.50079614e-01 6.92907472e-01
  3.78238650e-01 4.31592466e-01 5.40133483e-01 2.08504288e-01
  5.64401144e-01 1.03683850e+00 7.48227240e-01 7.87903552e-01
  9.11377964e-01 7.95198480e-02 1.63175251e-01 0.00000000e+00
  7.13692594e-01 3.94684182e-01 8.91872412e-01 1.36862632e+00
  9.49519213e-01 7.20611644e-01 8.70558147e-01 0.00000000e+00
  3.68644270e-01 6.09356222e-01 1.16155030e+00 7.32380588e-01
  7.65941838e-01 4.49335355e-01 1.19537563e+00 2.15536363e-01
  9.59408078e-01 9.12510921e-01 9.45576928e-01 4.92785269e-01
  4.48876531e-01 9.59076750e-01 0.00000000e+00 9.31658175e-01
  9.97560559e-01 5.45839801e-01 0.00000000e+00 9.64419423e-01
  6.67893590e-01 4.22253772e-01 3.64029373e-01 9.46913572e-01
  0.00000000e+00 3.14551568e-01 1.10118215e+00 1.22416801e+00
  9.27484922e-01 1.58949702e-01 6.22437684e-02 7.54230846e-01
  1.26306156e+00 1.31861441e+00 2.72283844e-01 8.62709771e-01
  8.64614507e-01 2.97175954e-02 4.57572347e-02 6.90118499e-01
  1.57542450e-01 7.76314286e-01 5.20995542e-01 5.35551142e-01
  1.84946407e-01 1.48982243e-01 6.85773195e-01 9.31257277e-01
  0.00000000e+00 1.12055473e+00 4.60058565e-01 7.23792001e-01
  8.72572213e-02 8.19325354e-01 9.53614089e-01 5.79646650e-01
  3.45574063e-01 4.28708085e-01 5.58834023e-01 8.46664004e-01
  6.35934355e-01 8.18147753e-01 7.81564634e-01 6.33726431e-01
  3.34559675e-01 9.29759666e-03 9.27415105e-01 5.69758386e-01
  0.00000000e+00 8.11431494e-01 7.73106411e-01 3.74242632e-01
  5.76539317e-01 8.12643561e-01 1.01614171e+00 7.51760127e-01
  0.00000000e+00 7.73453669e-01 9.38469907e-01 0.00000000e+00
  3.67518461e-01 1.11728088e+00 8.36633649e-01 6.94919692e-01
  3.24241114e-01 1.74265898e-01 0.00000000e+00 8.60147021e-01
  8.65789532e-01 1.25654590e+00 7.50135765e-01 6.38823872e-01
  5.77043253e-01 1.84598327e-01 6.83708434e-02 0.00000000e+00
  3.22598854e-01 8.67452003e-01 0.00000000e+00 0.00000000e+00
  5.22240274e-02 0.00000000e+00 0.00000000e+00 2.17235618e-01
  2.22007988e-01 9.64998558e-01 8.78294611e-01 2.72118545e-01
  9.34452408e-01 1.06585834e+00 6.02730789e-01 7.33486790e-01
  0.00000000e+00 0.00000000e+00 0.00000000e+00 0.00000000e+00
  0.00000000e+00 0.00000000e+00 0.00000000e+00 0.00000000e+00
  0.00000000e+00 0.00000000e+00 0.00000000e+00 3.20569871e-01
  0.00000000e+00 0.00000000e+00 0.00000000e+00 0.00000000e+00
  0.00000000e+00 0.00000000e+00 2.05257330e-01 0.00000000e+00
  0.00000000e+00 0.00000000e+00 0.00000000e+00 0.00000000e+00
  0.00000000e+00 3.73150423e-01 6.80604344e-01 0.00000000e+00
  0.00000000e+00 0.00000000e+00 0.00000000e+00 0.00000000e+00
  0.00000000e+00 0.00000000e+00 0.00000000e+00 0.00000000e+00
  0.00000000e+00 0.00000000e+00 0.00000000e+00 1.46966628e-01
  0.00000000e+00 0.00000000e+00 8.35680872e-01 4.69272254e-01
  5.61571913e-01 4.39079390e-01 2.49316015e-01 0.00000000e+00
  0.00000000e+00 4.03042840e-01 3.97763317e-01 0.00000000e+00
  0.00000000e+00 8.53108899e-01 0.00000000e+00 0.00000000e+00
  0.00000000e+00 6.27260083e-01 2.20129968e-01 0.00000000e+00
  2.45039871e-01 0.00000000e+00 0.00000000e+00 0.00000000e+00
  0.00000000e+00 0.00000000e+00 1.03536382e-01 6.59036599e-01
  1.10230268e+00 6.50298030e-02 7.66304617e-01 6.13150542e-01
  1.31540744e-01 7.45259605e-01 4.98196763e-01 1.04892406e+00
  0.00000000e+00 0.00000000e+00 0.00000000e+00 4.37420736e-02
  0.00000000e+00 0.00000000e+00 0.00000000e+00 6.53241887e-02
  3.87569901e-01 4.09996817e-01 1.78161398e-01 0.00000000e+00
  0.00000000e+00 3.98054856e-01 4.52856920e-02 0.00000000e+00
  2.35871598e-01 0.00000000e+00 3.60505698e-01 0.00000000e+00
  0.00000000e+00 0.00000000e+00 0.00000000e+00 0.00000000e+00
  0.00000000e+00 2.72157261e-01 3.33120990e-01 4.49675652e-01
  0.00000000e+00 0.00000000e+00 4.53519873e-01 6.71508782e-01
  0.00000000e+00 1.39872305e-02 0.00000000e+00 1.94757492e-01
  0.00000000e+00 2.35954928e-01 0.00000000e+00 0.00000000e+00
  0.00000000e+00 0.00000000e+00 0.00000000e+00 0.00000000e+00
  0.00000000e+00 3.15298411e-01 1.40526848e-01 3.25952805e-01
  1.57284309e+00 3.73250330e-01 2.86691233e-01 7.77863354e-01
  1.00835938e-01 3.29537470e-01 0.00000000e+00 1.13458637e+00
  7.38584585e-01 7.29144920e-01 0.00000000e+00 2.26394921e-02
  3.57778369e-01 0.00000000e+00 0.00000000e+00 9.38991054e-01
  1.52248376e+00 3.53705305e-01 0.00000000e+00 4.98700965e-01
  0.00000000e+00 4.91431187e-01 9.30807426e-01 1.33464358e+00
  0.00000000e+00 0.00000000e+00 1.30814764e-01 0.00000000e+00
  2.91588400e-01 1.41270440e-01 6.50904877e-02 1.22570298e-01
  0.00000000e+00 2.78842812e-01 2.22237939e-01 1.18430261e+00
  1.26385658e+00 0.00000000e+00 1.56389095e-01 0.00000000e+00
  6.64783226e-01 0.00000000e+00 0.00000000e+00 1.45545060e-01
  1.28166177e+00 6.76865286e-01 0.00000000e+00 4.82041768e-01
  0.00000000e+00 3.81563913e-01 1.03251202e+00 1.71167596e+00
  1.66183046e-01 5.31381255e-02 0.00000000e+00 0.00000000e+00
  0.00000000e+00 9.53794305e-01 3.44065907e-01 3.94514586e-01
  0.00000000e+00 2.99077275e-01 0.00000000e+00 1.00906575e+00
  0.00000000e+00 0.00000000e+00 1.25817103e+00 0.00000000e+00
  6.60150264e-01 1.68066953e-01 0.00000000e+00 0.00000000e+00
  0.00000000e+00 0.00000000e+00 0.00000000e+00 1.05848613e+00
  2.80167430e-02 3.91689890e-01 0.00000000e+00 1.06035118e+00
  7.40502389e-01 0.00000000e+00 4.48278460e-01 0.00000000e+00
  3.91339060e-01 0.00000000e+00 0.00000000e+00 1.14711466e+00
  0.00000000e+00 4.22093293e-01 6.01262372e-01 0.00000000e+00
  7.75598984e-01 5.06330567e-01 0.00000000e+00 0.00000000e+00
  1.71726464e-01 0.00000000e+00 0.00000000e+00 0.00000000e+00
  0.00000000e+00 0.00000000e+00 5.68268234e-01 1.70194382e+00
  7.12359914e-01 0.00000000e+00 5.85538507e-01 6.50765755e-01
  0.00000000e+00 2.63039340e-01 0.00000000e+00 1.17166967e+00
  0.00000000e+00 0.00000000e+00 0.00000000e+00 0.00000000e+00
  7.96975388e-02 4.40972609e-01 2.08867991e-02 0.00000000e+00
  0.00000000e+00 0.00000000e+00 8.62489773e-01 0.00000000e+00
  0.00000000e+00 0.00000000e+00 1.04593964e-01 1.52839065e+00
  0.00000000e+00 3.69453639e-01 4.85323409e-01 3.81118462e-01
  1.04594429e-01 9.74380653e-01 0.00000000e+00 0.00000000e+00
  0.00000000e+00 4.79061658e-01 0.00000000e+00 1.20164540e-01
  3.25533472e-01 0.00000000e+00 0.00000000e+00 0.00000000e+00
  5.35551573e-01 3.25216957e-02 4.85661535e-01 1.65307291e-01
  0.00000000e+00 5.75686665e-02 4.15921292e-01 0.00000000e+00
  0.00000000e+00 0.00000000e+00 0.00000000e+00 2.19704896e-01
  7.22424349e-01 1.47014982e-01 8.58455385e-01 0.00000000e+00
  2.43090979e-01 0.00000000e+00 7.80447688e-02 2.67251429e-02
  0.00000000e+00 7.49280726e-01 1.22015572e-01 1.83301847e-01
  6.97572810e-03 0.00000000e+00 0.00000000e+00 6.65798212e-01
  0.00000000e+00 8.29766715e-01 0.00000000e+00 1.24521948e+00
  9.67426153e-01 1.22483667e+00 0.00000000e+00 4.52093555e-01
  0.00000000e+00 5.09493104e-01 2.56460547e-01 0.00000000e+00
  1.11106670e+00 0.00000000e+00 0.00000000e+00 1.92641459e-02
  1.32031083e+00 1.84420112e-01 0.00000000e+00 0.00000000e+00
  1.84517788e-01 3.51533060e-01 1.29423930e+00 0.00000000e+00
  1.20654468e-01 0.00000000e+00 6.66337709e-01 7.49321750e-01
  0.00000000e+00 0.00000000e+00 3.27887868e-01 0.00000000e+00
  4.07426001e-01 4.66483843e-01 1.07813086e+00 6.17390023e-01
  1.27014669e+00 6.30808500e-01 4.08352471e-01 0.00000000e+00
  0.00000000e+00 0.00000000e+00 4.32648973e-01 0.00000000e+00
  0.00000000e+00 0.00000000e+00 0.00000000e+00 4.29825673e-01
  0.00000000e+00 5.43587251e-01 6.64031653e-02 0.00000000e+00
  7.92299448e-01 8.01211496e-01 2.99770222e-01 0.00000000e+00
  0.00000000e+00 3.48231084e-01 0.00000000e+00 8.30875179e-01
  0.00000000e+00 0.00000000e+00 2.41581790e-01 1.82163700e-01
  0.00000000e+00 0.00000000e+00 4.62805619e-01 3.19764996e-01
  4.39635896e-01 1.01175760e+00 0.00000000e+00 5.40332204e-01
  2.07330333e-01 2.01749612e-01 0.00000000e+00 2.88516794e-01
  5.30228549e-02 0.00000000e+00 0.00000000e+00 0.00000000e+00
  6.92600158e-01 0.00000000e+00 9.70134660e-01 1.08407251e-01
  0.00000000e+00 8.27935910e-01 0.00000000e+00 0.00000000e+00
  0.00000000e+00 4.29497382e-01 1.65267544e+00 0.00000000e+00
  1.01420565e+00 1.75885559e-01 1.06279758e+00 0.00000000e+00
  4.99661376e-01 5.07363599e-01 0.00000000e+00 0.00000000e+00
  0.00000000e+00 0.00000000e+00 0.00000000e+00 0.00000000e+00
  0.00000000e+00 0.00000000e+00 0.00000000e+00 1.01530456e+00
  5.60783892e-01 1.65806866e-01 0.00000000e+00 1.96907902e-01
  1.37948513e+00 1.16596365e-01 0.00000000e+00 9.44265383e-02
  1.72004460e+00 0.00000000e+00 0.00000000e+00 4.36415713e-01
  7.86858216e-01 0.00000000e+00 1.79315097e-01 5.05456262e-01
  3.35540656e-01 0.00000000e+00 3.54889224e-01 5.57804260e-01
  2.55713879e-01 3.58914707e-01 0.00000000e+00 0.00000000e+00
  6.70975654e-01 0.00000000e+00 0.00000000e+00 6.76672821e-01
  1.26845431e-01 6.34958321e-01 9.92338441e-01 0.00000000e+00
  0.00000000e+00 8.11044544e-01 0.00000000e+00 5.59556194e-02
  1.62602222e+00 0.00000000e+00 6.74037664e-02 1.38284004e+00
  0.00000000e+00 9.57964832e-01 0.00000000e+00 4.59090945e-01
  0.00000000e+00 3.04150567e-01 9.70638825e-01 7.34411768e-01
  1.02556428e+00 8.38119579e-02 4.35723607e-01 0.00000000e+00
  1.74826519e-01 4.04349227e-01 0.00000000e+00 4.88495103e-01
  6.39787253e-01 1.22713483e+00 7.63507492e-01 0.00000000e+00
  6.49929265e-01 6.18818409e-01 4.78491500e-02 0.00000000e+00
  1.21100227e+00 3.48012486e-01 6.95727141e-01 0.00000000e+00
  7.69739000e-01 5.64195597e-01 0.00000000e+00 2.01280561e-01
  1.18629223e+00 7.15793670e-01 0.00000000e+00 0.00000000e+00
  2.27276575e-01 9.25441344e-01 4.80807541e-01 2.86755773e-02
  6.43380973e-01 1.84235991e-01 4.89492385e-01 4.58288459e-01
  1.41296074e-01 0.00000000e+00 1.11538238e+00 0.00000000e+00
  0.00000000e+00 0.00000000e+00 7.11980309e-01 1.12072527e-01
  8.20499816e-01 5.43321980e-01 8.85627904e-01 5.68968653e-01
  1.87040426e-01 0.00000000e+00 3.53391302e-01 7.98792007e-01
  1.49663899e+00 1.27412963e+00 7.98611726e-01 0.00000000e+00
  6.29029734e-01 6.77637136e-01 0.00000000e+00 7.33386371e-01
  0.00000000e+00 1.19362764e-01 0.00000000e+00 0.00000000e+00
  6.17583505e-01 1.28088414e+00 0.00000000e+00 2.40757521e-01
  1.03939607e+00 0.00000000e+00 0.00000000e+00 8.21116755e-01
  3.19538582e-02 1.34064938e+00 0.00000000e+00 0.00000000e+00
  4.72899438e-01 0.00000000e+00 6.92621407e-01 0.00000000e+00
  0.00000000e+00 0.00000000e+00 0.00000000e+00 1.18572612e-01
  6.65744474e-01 0.00000000e+00 0.00000000e+00 2.38067761e-01
  8.71925270e-01 0.00000000e+00 6.38816694e-01 4.52212906e-01
  0.00000000e+00 0.00000000e+00 0.00000000e+00 3.41724317e-01
  1.10898269e+00 1.43583065e+00 8.04079201e-01 0.00000000e+00
  1.24550634e+00 2.55756214e-01 5.25667213e-01 7.51778916e-01
  0.00000000e+00 1.44238281e+00 3.96469999e-01 0.00000000e+00
  2.47288398e-02 6.91303662e-01 1.03018337e+00 1.21377856e+00
  1.43950712e+00 0.00000000e+00 0.00000000e+00 6.22333605e-01
  0.00000000e+00 0.00000000e+00 0.00000000e+00 1.23149100e+00
  0.00000000e+00 1.50173665e+00 3.89753213e-01 1.86667914e-02
  0.00000000e+00 0.00000000e+00 8.01456692e-02 0.00000000e+00
  1.48389696e+00 0.00000000e+00 9.33619057e-01 0.00000000e+00
  3.64514550e-01 0.00000000e+00 0.00000000e+00 0.00000000e+00
  1.70687979e+00 0.00000000e+00 0.00000000e+00 1.18666791e+00
  8.26995349e-01 0.00000000e+00 1.30942406e+00 8.09249007e-01
  3.43747012e-01 0.00000000e+00 0.00000000e+00 0.00000000e+00
  0.00000000e+00 2.64840827e-02 0.00000000e+00 0.00000000e+00
  5.21967260e-01 3.45330392e-01 0.00000000e+00 0.00000000e+00
  1.17097825e+00 1.08119542e+00 1.53638778e+00 1.52290108e+00
  0.00000000e+00 0.00000000e+00 9.04032594e-02 5.69207686e-01
  1.10605319e+00 5.04098195e-01 0.00000000e+00 5.08378468e-01
  0.00000000e+00 4.69786113e-01 1.19404655e+00 3.65105205e-01
  5.52076286e-02 0.00000000e+00 0.00000000e+00 9.70199082e-02
  0.00000000e+00 5.01909238e-02 7.05831254e-01 3.48281965e-01
  0.00000000e+00 1.69716186e+00 0.00000000e+00 0.00000000e+00
  0.00000000e+00 0.00000000e+00 0.00000000e+00 0.00000000e+00
  0.00000000e+00 1.36711539e+00 0.00000000e+00 0.00000000e+00
  0.00000000e+00 0.00000000e+00 0.00000000e+00 0.00000000e+00
  0.00000000e+00 0.00000000e+00 0.00000000e+00 0.00000000e+00
  0.00000000e+00 0.00000000e+00 0.00000000e+00 0.00000000e+00
  0.00000000e+00 0.00000000e+00 0.00000000e+00 0.00000000e+00
  1.82025968e-01 0.00000000e+00 0.00000000e+00 0.00000000e+00
  0.00000000e+00 0.00000000e+00 1.20232753e-01 0.00000000e+00
  0.00000000e+00 0.00000000e+00 2.22243924e-01 0.00000000e+00
  0.00000000e+00 4.52419647e-01 0.00000000e+00 0.00000000e+00
  0.00000000e+00 1.47608664e-01 6.82205337e-02 0.00000000e+00
  5.07925392e-01 0.00000000e+00 0.00000000e+00 1.40702588e+00
  0.00000000e+00 0.00000000e+00 0.00000000e+00 4.50742550e-01
  0.00000000e+00 4.80462274e-01 2.45092128e-02 0.00000000e+00
  0.00000000e+00 0.00000000e+00 7.91114131e-01 0.00000000e+00
  0.00000000e+00 0.00000000e+00 0.00000000e+00 9.58121442e-01
  0.00000000e+00 0.00000000e+00 0.00000000e+00 0.00000000e+00
  0.00000000e+00 0.00000000e+00 0.00000000e+00 0.00000000e+00
  0.00000000e+00 0.00000000e+00 8.33686214e-01 1.50184829e+00]]