0.42947056889533997
0.11727386713027954
0.03401295840740204
0.3542209267616272
-0.0865836963057518
0.22968295216560364
0.06683241575956345
0.04133838042616844
0.13026784360408783
0.03291034698486328
0.09615457057952881
-0.0922253206372261
-0.15587331354618073
0.052296798676252365
-0.08324417471885681
0.15728768706321716
0.029119595885276794
0.05094835162162781
0.19055747985839844
-0.04372228682041168
0.3618031144142151
0.23902873694896698
0.16667191684246063
-0.18046745657920837
0.04404820501804352
0.0959283709526062
-0.04381130635738373
-0.18848350644111633
-0.043995022773742676
-0.1898544579744339
-0.23386982083320618
0.12836743891239166
-0.11059974879026413
0.005713360849767923
-0.24479655921459198
-0.30530282855033875
0.060937996953725815
-0.3281625211238861
0.17119529843330383
0.10265406966209412
-0.1106366515159607
0.33012986183166504
-0.058697283267974854
0.18478716909885406
0.010508526116609573
0.10668026655912399
-0.13086923956871033
-0.3628394603729248
0.0644080713391304
0.09335971623659134
0.004016192629933357
0.37814804911613464
0.05268803983926773
-0.27078935503959656
0.11060740798711777
-0.11819525808095932
0.042989347130060196
0.35323622822761536
-0.28468161821365356
-0.202890083193779
-0.28494399785995483
-0.13224157691001892
-0.053347524255514145
0.007577383890748024
0.5503794550895691
0.02087743766605854
0.09883115440607071
0.4370323717594147
-0.10985145717859268
-0.1923770308494568
0.09789737313985825
0.07935188710689545
-0.27517738938331604
-0.14232882857322693
0.17323188483715057
0.04103168845176697
0.29249441623687744
0.016296563670039177
-0.12607213854789734
-0.1555536687374115
-0.053172335028648376
0.181297168135643
-0.20771929621696472
-0.13894619047641754
0.25539106130599976
0.35631489753723145
0.0011849799193441868
-0.4870278537273407
0.11533791571855545
0.11637940257787704
-0.07708843797445297
0.10368701815605164
-0.07185700535774231
-0.0038847709074616432
-0.26350829005241394
0.12447353452444077
-0.07462560385465622
-0.156121626496315
-0.2900034785270691
-0.4322603940963745
0.05063161626458168
-0.43103256821632385
0.2944418787956238
-0.10993681848049164
0.06623433530330658
0.18029598891735077
-0.07049958407878876
0.307717889547348
0.09669701009988785
0.09883999079465866
-0.06726888567209244
-0.48405709862709045
0.16756543517112732
-0.055244605988264084
0.12566034495830536
0.500400960445404
-0.07442726939916611
-0.33872219920158386
-0.026130108162760735
-0.07352738082408905
-0.11533685773611069
0.17063108086585999
-0.3675265312194824
0.13339568674564362
-0.3668954372406006
-0.08482055366039276
-0.05113891512155533
0.037494342774152756
0.4800153970718384
-0.17269667983055115
0.03755771368741989
0.4087753891944885
-0.08203370124101639
-0.04828076437115669
0.06561838090419769
0.11799728125333786
0.1642768383026123
-0.1597871631383896
0.14613638818264008
-0.09036128968000412
-0.21903015673160553
-0.12617547810077667
-0.09937376528978348
0.16049297153949738
0.18870654702186584
0.09347538650035858
0.07497338950634003
0.1263243854045868
0.23849919438362122
0.3559717833995819
-0.12046138942241669
-0.3083382546901703
-0.020833956077694893
-0.15872631967067719
-0.07149437069892883
-0.05043452978134155
-0.03383943811058998
0.2195698767900467
-0.2920665740966797
0.14893703162670135
0.013261951506137848
-0.005033881403505802
-0.27007344365119934
-0.4032290279865265
-0.17164021730422974
-0.3688976764678955
0.1308150291442871
-0.035888198763132095
-0.10626303404569626
0.2913699150085449
-0.06310712546110153
0.286359965801239
-0.04254855588078499
0.1034524068236351
-0.02848321758210659
-0.451399028301239
0.19618554413318634
-0.0897931456565857
-0.15111087262630463
0.46370047330856323
0.1269945502281189
-0.2739747166633606
0.045174725353717804
-0.23849333822727203
0.009123056195676327
0.29967808723449707
-0.3199889659881592
0.08725974708795547
-0.3384837210178375
-0.12713555991649628
-0.05029916390776634
0.03489656746387482
0.37346699833869934
0.1620626300573349
0.0017086314037442207
0.27866557240486145
0.19084392488002777
0.23940391838550568
-0.11207200586795807
0.1165771633386612
0.09586009383201599
-0.052664730697870255
0.5002132654190063
0.10438557714223862
-0.1443147361278534
-0.013780123554170132
-0.38120895624160767
0.1396581530570984
-0.03295432776212692
0.08374372124671936
0.16667616367340088
-0.10416019707918167
0.3084963262081146
0.3098752796649933
0.17097800970077515
-0.11724499613046646
0.009663326665759087
0.12468037754297256
-0.3910299837589264
-0.17792737483978271
-0.0368775948882103
-0.17633692920207977
-0.16781021654605865
0.08564196527004242
-0.12367570400238037
-0.01817619800567627
-0.2626171112060547
-0.16753503680229187
0.06914270669221878
-0.2798519432544708
0.21669764816761017
0.0459548644721508
-0.11243555694818497
0.35892653465270996
0.13775157928466797
0.1829613298177719
-0.05518026649951935
0.2862330973148346
-0.18674220144748688
-0.3824826180934906
-0.10362786799669266
0.2618361711502075
0.010310870595276356
0.14995823800563812
0.025405433028936386
-0.3147825598716736
-0.14417366683483124
-0.047179125249385834
0.09854051470756531
0.11756504327058792
-0.04440472647547722
-0.24480745196342468
-0.18103453516960144
-0.14820712804794312
-0.23530066013336182
-0.06303568184375763
0.44007453322410583
0.047341238707304
0.05138194561004639
0.32275089621543884
0.23999787867069244
-0.22363968193531036
-0.12558412551879883
0.21280920505523682
-0.31853049993515015
-0.2511458098888397
0.6085159182548523
0.29481014609336853
0.34778323769569397
-0.07863537222146988
-0.459023654460907
-0.19292880594730377
-0.10486917942762375
0.1983959674835205
-0.2581610381603241
-0.1913561224937439
0.15677808225154877
0.37993690371513367
-0.025941887870430946
-0.4095134735107422
0.06701436638832092
0.1394466608762741
-0.4950309991836548
0.17416752874851227
-0.022750215604901314
0.022695858031511307
-0.1656797230243683
0.0952550545334816
-0.07831065356731415
-0.1975281834602356
-0.322223424911499
-0.2067362517118454
0.04089996963739395
-0.35003700852394104
0.32921072840690613
-0.19758695363998413
0.06585025787353516
0.20340009033679962
0.16897569596767426
0.2983718812465668
0.00467646773904562
0.35624322295188904
-0.13530047237873077
-0.465595543384552
-0.09247749298810959
0.134769007563591
0.1345243752002716
0.15793251991271973
-0.07757219672203064
-0.3294896185398102
-0.33279871940612793
0.020835332572460175
-0.040466226637363434
-0.13316667079925537
-0.040934305638074875
0.14330360293388367
-0.20320872962474823
-0.09884988516569138
-0.29619574546813965
-0.07043571025133133
0.40854740142822266
-0.1703750491142273
-0.004962974227964878
0.3144910931587219
0.2509654760360718
-0.08605088293552399
-0.14696137607097626
0.2552989721298218
0.16928768157958984
-0.279697060585022
0.564986526966095
0.13328666985034943
-0.19743554294109344
-0.2263990193605423
-0.41710737347602844
0.15084587037563324
0.18121564388275146
0.11005884408950806
0.04183868318796158
0.1277189999818802
0.1415727436542511
0.39788728952407837
-0.17090141773223877
-0.23790501058101654
-0.0715501606464386
-0.16319121420383453
-0.46935585141181946
0.027279654517769814
-0.0018767728470265865
0.27089405059814453
-0.21533535420894623
0.13036444783210754
0.0329272598028183
-0.03748786076903343
-0.30398133397102356
-0.19461406767368317
-0.2038518637418747
-0.28371742367744446
0.15459607541561127
-0.11990397423505783
-0.11452697962522507
0.31167250871658325
0.1504441797733307
0.2782406806945801
-0.132630854845047
0.3304644525051117
-0.07600794732570648
-0.44357869029045105
-0.036997660994529724
0.058671168982982635
-0.16209758818149567
0.1660209447145462
0.16893544793128967
-0.26331019401550293
-0.24549749493598938
-0.17497575283050537
0.08721029758453369
0.023900315165519714
-0.028974629938602448
0.12510652840137482
-0.2018994241952896
-0.12236057221889496
-0.27645039558410645
-0.03907965123653412
-0.06136011332273483
0.1356939971446991
-0.11569434404373169
0.30172353982925415
0.16842183470726013
0.2324352115392685
-0.16651476919651031
0.10312013328075409
0.126365065574646
0.015904126688838005
0.045989155769348145
0.04211994633078575
-0.1478051096200943
-0.11160711944103241
-0.05585348606109619
0.129653200507164
0.03608579933643341
-0.0932614728808403
0.19906574487686157
-0.04712771251797676
0.1405620276927948
0.06473620980978012
0.1687200963497162
0.18148769438266754
-0.0459219366312027
0.10174061357975006
-0.2856496572494507
-0.18292556703090668
0.28088846802711487
-0.1605074554681778
-0.09850767999887466
0.1213698461651802
-0.1069154143333435
-0.12190243601799011
-0.33642569184303284
0.03397209197282791
0.06014954298734665
-0.296100914478302
0.05649390071630478
0.09067708253860474
-0.15568645298480988
0.3961602747440338
0.22143657505512238
0.2132265269756317
-0.1762651950120926
0.4251088798046112
-0.25350815057754517
-0.07348042726516724
-0.26154589653015137
0.3967326879501343
0.004116747062653303
-0.09938255697488785
0.0882033035159111
-0.005628129467368126
-0.16846346855163574
0.056075241416692734
0.22941052913665771
0.020549794659018517
0.11191056668758392
-0.19338934123516083
0.01963145285844803
-0.14015837013721466
-0.37766680121421814
-0.30050987005233765
-0.08138703554868698
0.041854385286569595
-0.1017633005976677
0.3510136902332306
0.23852431774139404
-0.18737320601940155
-0.20913845300674438
0.23472066223621368
-0.2746180593967438
-0.16095386445522308
0.1134035512804985
0.2450225055217743
0.3074393570423126
-0.1874600648880005
-0.08580324798822403
-0.1891002506017685
-0.054728809744119644
-0.0254678875207901
-0.19532510638237
-0.14542768895626068
-0.02011287957429886
0.05716880038380623
0.0015104715712368488
-0.043156903237104416
-0.002468354534357786
0.12636175751686096
-0.4157187044620514
0.13986839354038239
0.3872913122177124
-0.029025791212916374
-0.07209669053554535
0.11141251027584076
-0.07127870619297028
-0.3102581202983856
-0.4274839460849762
0.07580716907978058
0.052010707557201385
-0.36224135756492615
0.15041705965995789
-0.12538067996501923
-0.004010704346001148
0.28342822194099426
0.28537535667419434
0.34127289056777954
-0.15041117370128632
0.5751096606254578
-0.25851720571517944
-0.09077420830726624
-0.3579697012901306
0.3332492411136627
0.13262684643268585
-0.1884540319442749
0.015201155096292496
0.03883090242743492
-0.36773020029067993
0.1531522423028946
0.1296699494123459
-0.2494487762451172
0.1735897958278656
0.1338454931974411
0.052083611488342285
-0.09431242942810059
-0.5056625604629517
-0.3836943209171295
-0.06514555215835571
-0.15435153245925903
-0.13803806900978088
0.3445102572441101
0.23059797286987305
-0.04345801845192909
-0.21190997958183289
0.26339852809906006
0.16928303241729736
-0.17982842028141022
0.09936477988958359
0.08771687746047974
-0.20970553159713745
-0.30508556962013245
-0.061711933463811874
0.12625746428966522
0.17780126631259918
-0.08960548788309097
0.09044836461544037
0.1158875972032547
-0.005669758189469576
0.08646968752145767
-0.12404908239841461
0.10845540463924408
-0.12228293716907501
-0.1524069458246231
-0.3880535662174225
-0.005548947956413031
0.3688015937805176
0.1451757550239563
-0.12312724441289902
0.13415098190307617
0.018934788182377815
-0.14911501109600067
-0.3985455632209778
0.0670514851808548
-0.1730671226978302
-0.2971870005130768
-0.0013317744014784694
-0.04643797501921654
-0.16372662782669067
0.3773377239704132
0.2526080310344696
0.30842188000679016
-0.2563208341598511
0.5129421353340149
-0.20166891813278198
-0.08717644959688187
-0.3017280697822571
0.2532348334789276
-0.146770179271698
-0.14674308896064758
0.23803551495075226
0.0689496397972107
-0.2731899321079254
-0.04208441078662872
0.2326551377773285
-0.08351235836744308
0.15085260570049286
0.08552385866641998
0.03336409851908684
-0.12940455973148346
-0.46224379539489746
-0.3239852786064148
0.2747698724269867
0.14835016429424286
0.1615598350763321
0.09780094027519226
-0.18646946549415588
0.2514076828956604
0.1472194939851761
-0.21259114146232605
0.1113600954413414
0.15295147895812988
0.003849746659398079
-0.15983562171459198
-0.14120808243751526
0.20315831899642944
-0.04335450008511543
0.10083992034196854
-0.04473094269633293
0.07113239914178848
0.20155470073223114
-0.08472029119729996
0.27560392022132874
0.09006898105144501
0.1790933758020401
-0.07990255206823349
0.07451686263084412
0.12232668697834015
0.18568173050880432
-0.18481646478176117
-0.34596240520477295
-0.19384337961673737
-0.10912691056728363
0.11066163331270218
-0.09241820126771927
0.19312122464179993
0.09554114937782288
-0.24142910540103912
0.07318608462810516
-0.09964942187070847
0.016446532681584358
0.12120296061038971
-0.018354393541812897
-0.004468053113669157
-0.19022376835346222
-0.06467631459236145
0.1709570735692978
-0.3770940601825714
0.0535440668463707
-0.18524731695652008
0.1619785875082016
-0.1616343855857849
0.02063850127160549
0.33295661211013794
-0.08019977062940598
-0.15887783467769623
0.25348401069641113
-0.09878389537334442
-0.12695695459842682
0.29886680841445923
-0.28596532344818115
-0.24688537418842316
-0.22900179028511047
-0.11431615799665451
0.3654945194721222
0.3399389982223511
0.34573906660079956
0.031049370765686035
0.24075055122375488
0.09673884510993958
-0.23399651050567627
-0.21034836769104004
0.20074115693569183
-0.2332896739244461
-0.2931763231754303
-0.01564572937786579
0.012065173126757145
-0.052356790751218796
0.35785919427871704
0.17765730619430542
-0.04947374016046524
-0.23621520400047302
-0.09415262192487717
0.19233669340610504
-0.21835856139659882
-0.14635436236858368
0.12054415792226791
0.14790892601013184
-0.019095733761787415
-0.375806599855423
0.1472519338130951
0.13736778497695923
0.24125535786151886
0.14413531124591827
-0.42247527837753296
-0.014212292619049549
-0.09885682910680771
0.11669213324785233
-0.04749714955687523
0.040345966815948486
0.12724606692790985
-0.3239961266517639
0.041684363037347794
-0.12045752257108688
0.10120346397161484
-0.1133713349699974
0.19449427723884583
-0.23187284171581268
-0.23056776821613312
-0.03182225301861763
0.279658704996109
-0.480582594871521
0.1865154206752777
-0.23572763800621033
0.30806005001068115
-0.36483973264694214
0.13894164562225342
0.424909770488739
-0.23309127986431122
-0.1435205042362213
0.1350036859512329
-0.043292462825775146
-0.3090784549713135
0.09270762652158737
-0.36213865876197815
0.16017723083496094
-0.27594825625419617
-0.06934190541505814
0.4371168613433838
0.4131714403629303
0.31047725677490234
-0.1876014918088913
0.16659533977508545
0.0991673693060875
-0.18142731487751007
-0.07164131104946136
0.15551699697971344
-0.16804008185863495
0.19656844437122345
-0.056381408125162125
0.0030455540399998426
-0.18831856548786163
-0.1885952204465866
0.004241114016622305
-0.030840018764138222
0.10185438394546509
0.23172281682491302
0.0987698957324028
0.07823766022920609
0.19359825551509857
0.10057032853364944
0.18229982256889343
-0.16372118890285492
-0.2036207616329193
-0.0005186872440390289
-0.1673070639371872
0.22795012593269348
-0.0048843915574252605
-0.3702472448348999
0.22818472981452942
-0.15050287544727325
0.1417180299758911
0.059595298022031784
0.18421320617198944
0.11472005397081375
-0.30449509620666504
-0.2030790001153946
-0.08745761215686798
-0.06252336502075195
-0.041970543563365936
-0.0012317568762227893
-0.09715580195188522
-0.21859949827194214
-0.022560207173228264
0.11691328883171082
-0.4412902593612671
0.22551435232162476
-0.2216237187385559
0.340618371963501
-0.403994083404541
-0.15829873085021973
0.39816543459892273
-0.0012276293709874153
-0.07121032476425171
0.1959461271762848
-0.2277587205171585
-0.16495290398597717
0.230453759431839
-0.3170245289802551
0.14986272156238556
-0.2603491246700287
-0.09883884340524673
0.4040585458278656
0.3925611972808838
0.038680776953697205
0.20229844748973846
0.15641425549983978
-0.36236700415611267
0.17608799040317535
0.26766660809516907
-0.05267246812582016
-0.1490524411201477
0.0772164985537529
0.09797248989343643
0.4898677468299866
0.08756892383098602
-0.10614072531461716
0.17187729477882385
-0.3992913067340851
0.029012039303779602
-0.11210624128580093
0.10391945391893387
0.11178231984376907
-0.1557895988225937
0.09054148942232132
-0.07610166817903519
0.17934875190258026
-0.0003499495214782655
0.027456194162368774
0.15278567373752594
-0.10421309620141983
-0.12894408404827118
-0.43290257453918457
-0.17836204171180725
0.1696789264678955
-0.014582302421331406
-0.06347280740737915
0.28351157903671265
0.37399762868881226
0.14228928089141846
0.08916553854942322
0.3341161012649536
0.00429484574124217
0.018863696604967117
0.024415332823991776
-0.16933602094650269
0.01994502544403076
-0.3317251205444336
0.13875548541545868
-0.24571871757507324
0.11727266013622284
-0.008145201951265335
-0.029931096360087395
0.02310664765536785
0.04231073334813118
-0.22060386836528778
-0.15045896172523499
-0.13578036427497864
-0.03425237163901329
0.013901281170547009
-0.10364926606416702
-0.12868259847164154
0.2735227644443512
-0.28674325346946716
0.14214947819709778
-0.05200896039605141
0.25714901089668274
0.37168267369270325
0.040632206946611404
0.06581021845340729
0.22031140327453613
-0.4246644675731659
0.20586448907852173
-0.23609307408332825
-0.04312737286090851
-0.10727408528327942
-0.3355482518672943
-0.091859370470047
0.5282950401306152
0.2544562816619873
0.4376699924468994
0.11844506859779358
-0.43691039085388184
-0.329839289188385
-0.14862580597400665
0.2063557505607605
-0.3354418873786926
-0.2070494443178177
-0.11795881390571594
-0.08454138785600662
-0.051625821739435196
-0.27699732780456543
0.0850401297211647
0.16125674545764923
-0.10921352356672287
0.2645012140274048
-0.465058833360672
0.012149191461503506
0.22138290107250214
0.005350346211344004
-0.007276691030710936
0.1154838502407074
0.40158507227897644
0.16329655051231384
0.038893911987543106
0.3619246780872345
0.07380548864603043
-0.24885691702365875
0.24023479223251343
-0.40738680958747864
0.025201113894581795
-0.3225606679916382
0.22147244215011597
-0.2649278938770294
0.2437649369239807
-0.004945834167301655
0.021368173882365227
-0.1552438586950302
0.16263414919376373
-0.2662535607814789
-0.2780182361602783
-0.056912146508693695
-0.20328591763973236
0.09528972953557968
-0.26433125138282776
-0.41218945384025574
0.29757750034332275
0.1760162115097046
0.16854356229305267
-0.0037897995207458735
0.26941242814064026
0.4095059037208557
0.05020236596465111
-0.17757156491279602
0.1511881798505783
-0.3944213390350342
0.2437983602285385
-0.10327226668596268
-0.07578589022159576
-0.03511170297861099
0.2045755237340927
-0.14474233984947205
0.5055311918258667
0.08857661485671997
-0.14462055265903473
-0.06015021726489067
-0.4041810929775238
0.03751705586910248
0.2256188988685608
0.11281546205282211
-0.019766835495829582
0.19013400375843048
-0.13110320270061493
-0.025285426527261734
-0.219329833984375
-0.11717585474252701
-0.06439608335494995
-0.1725112348794937
-0.10067863762378693
0.12199404835700989
-0.43076616525650024
0.27890390157699585
0.14034545421600342
0.04218798130750656
0.12322559952735901
0.2653895318508148
0.37811118364334106
0.15433476865291595
-0.22849301993846893
0.3809504210948944
-0.09860468655824661
-0.17326267063617706
0.03562608361244202
-0.2702648341655731
0.01303413137793541
-0.3070448637008667
0.061377037316560745
-0.25068026781082153
0.30200260877609253
-0.011184069328010082
0.0839938372373581
-0.2361428588628769
-0.15486028790473938
-0.24064894020557404
0.0006923915934748948
0.012882609851658344
-0.12340892851352692
-0.12246657907962799
-0.11551519483327866
-0.2419699877500534
0.29317614436149597
0.19491086900234222
0.1441642940044403
-0.014064976014196873
0.2593008279800415
0.4237644672393799
-0.3672233521938324
0.1616884171962738
-0.08993653953075409
-0.046078749001026154
0.1542661488056183
0.23725880682468414
-0.15562349557876587
0.038250260055065155
0.09905850142240524
0.14915154874324799
-0.041588637977838516
0.03877558931708336
-0.12375734001398087
-0.019701607525348663
0.011762183159589767
0.08919528126716614
-0.034986935555934906
-0.14529481530189514
0.21125663816928864
-0.09054702520370483
-0.07637139409780502
-0.25570887327194214
0.1702480912208557
0.3401753306388855
-0.05888152867555618
0.12963734567165375
-0.08812877535820007
-0.17017853260040283
0.20495636761188507
-0.17088714241981506
0.1314065307378769
0.11101207882165909
-0.10601826012134552
-0.021507956087589264
-0.087336964905262
0.3441539406776428
0.0741780549287796
0.004536368418484926
-0.08407679200172424
0.10113111883401871
-0.10447414964437485
0.2175637185573578
0.19511277973651886
-0.014203322120010853
-0.13328704237937927
0.3071674704551697
-0.17994315922260284
0.21025793254375458
-0.3303160071372986
0.33817335963249207
0.021573500707745552
-0.5187025666236877
0.04148736223578453
0.14166872203350067
-0.08123179525136948
0.14319320023059845
0.18545515835285187
-0.1866525262594223
0.44455817341804504
-0.2361043244600296
0.36932897567749023
-0.1459454596042633
-0.27182355523109436
-0.23971818387508392
-0.45350131392478943
0.04625749588012695
-0.06674383580684662
-0.08895405381917953
0.21035553514957428
-0.2216556817293167
-0.17975735664367676
0.13385555148124695
-0.3003767728805542
-0.02074182778596878
-0.04311887547373772
0.22273312509059906
0.3793944716453552
-0.08801440894603729
0.02217908203601837
-0.2515018880367279
-0.09155736863613129
-0.09300823509693146
-0.20320655405521393
-0.153688445687294
-0.29411548376083374
-0.34281766414642334
-0.030371006578207016
0.1303945630788803
-0.01696968451142311
0.1473744958639145
-0.12957003712654114
0.19054219126701355
0.2850344181060791
-0.04767225310206413
0.2024245262145996
0.1101897582411766
-0.06131960079073906
-0.2031974047422409
-0.10683777928352356
0.4444851279258728
0.04436671361327171
0.02334621548652649
-0.031117232516407967
-0.13633574545383453
0.07850370556116104
0.03896908834576607
0.24065673351287842
0.026387004181742668
-0.09147724509239197
0.397563099861145
-0.12498847395181656
0.2698228359222412
-0.3985922336578369
0.2335161566734314
0.14550267159938812
-0.6714000701904297
-0.04599127173423767
0.27266421914100647
-0.26486533880233765
0.2535879909992218
0.07230287045240402
-0.48976370692253113
0.5295403003692627
0.16200341284275055
0.44915229082107544
-0.10350241512060165
-0.34579235315322876
-0.2924862504005432
-0.40338343381881714
-0.1743999719619751
-0.10984963923692703
-0.06177091598510742
0.22827400267124176
-0.08243634551763535
-0.1915159672498703
0.18590737879276276
0.19321002066135406
-0.06290370225906372
-0.03820083662867546
0.06015956029295921
-0.17370623350143433
-0.2321610152721405
0.035181161016225815
0.08432751148939133
0.22518183290958405
-0.16094569861888885
0.09559621661901474
0.182731032371521
-0.27792888879776
-0.2792322635650635
-0.17791157960891724
0.2664444148540497
-0.14637131989002228
-0.16109974682331085
-0.11535279452800751
0.050890468060970306
0.2739439606666565
0.14357195794582367
0.12203539162874222
0.13311348855495453
0.04791402071714401
-0.04233448952436447
-0.10353793203830719
0.40919971466064453
-0.2027483582496643
0.0526927150785923
-0.18317151069641113
-0.05966520681977272
-0.10281683504581451
0.15261276066303253
0.21116724610328674
0.024507606402039528
-0.21487495303153992
0.36411213874816895
-0.06013078615069389
0.24371200799942017
-0.33069053292274475
0.14306850731372833
-0.15428964793682098
-0.6122331023216248
0.20508599281311035
0.3038432002067566
-0.17490524053573608
0.03500565513968468
0.1917491853237152
-0.3111724257469177
0.4862476885318756
0.14985105395317078
0.39952319860458374
-0.1256886124610901
-0.3140263259410858
-0.23283976316452026
-0.057468168437480927
0.12934428453445435
0.012903021648526192
-0.0009707114659249783
-0.2396383285522461
0.2251492440700531
0.15202443301677704
-0.2132176011800766
0.1063513234257698
0.23163975775241852
-0.38299575448036194
-0.22494633495807648
-0.1713939756155014
0.20184604823589325
0.22901718318462372
0.1238475814461708
-0.04291649907827377
-0.08312925696372986
0.1931038498878479
-0.06277644634246826
0.13497760891914368
-0.0007114823092706501
0.1605341136455536
0.18449483811855316
0.040254924446344376
0.07937990874052048
0.27207401394844055
-0.19339779019355774
-0.067635677754879
-0.15913572907447815
-0.04033394157886505
0.15973611176013947
-0.10283363610506058
0.11672158539295197
0.09352687001228333
-0.10461871325969696
0.06187231093645096
0.0445810928940773
-0.08887924253940582
0.10223452746868134
-0.04090110957622528
-0.11403125524520874
-0.19143636524677277
-0.11015832424163818
0.06857022643089294
-0.3406924605369568
-0.017131909728050232
0.11510787159204483
0.07784140855073929
-0.13694080710411072
0.004980140831321478
0.27094221115112305
0.0019665067084133625
-0.005409275181591511
0.3268590271472931
-0.034517355263233185
-0.015783507376909256
0.3250291049480438
-0.3009948134422302
-0.21393024921417236
-0.1624463051557541
-0.14144939184188843
0.24109964072704315
0.045560214668512344
-0.058634914457798004
0.03167876973748207
0.07595883309841156
-0.04814920201897621
-0.33689022064208984
-0.19264043867588043
0.22895684838294983
-0.28242558240890503
-0.28164103627204895
0.10518215596675873
-0.4891839623451233
-0.1646961122751236
0.30069416761398315
0.20032383501529694
0.309386670589447
-0.20190401375293732
-0.09909016638994217
-0.0007545006228610873
-0.19978706538677216
-0.1226741224527359
-0.03019952028989792
-0.010922787711024284
-0.00957824382930994
-0.04814247786998749
0.11463996022939682
0.10524599254131317
0.4086301922798157
0.08363787084817886
-0.10352250933647156
-0.06590684503316879
0.002671459224075079
0.1421298086643219
-0.07251923531293869
-0.024437839165329933
0.16730642318725586
-0.14450736343860626
0.04926370456814766
0.07618031650781631
-0.037349168211221695
-0.10413960367441177
0.17332828044891357
-0.36571216583251953
-0.2497161328792572
-0.14375187456607819
0.18363142013549805
-0.4860551953315735
0.1158854141831398
0.15393225848674774
0.2346632480621338
-0.3312481641769409
0.12466027587652206
0.3585452735424042
-0.15689563751220703
0.07197306305170059
0.24752658605575562
0.041784029453992844
-0.18305206298828125
0.14676032960414886
-0.39189910888671875
0.14201447367668152
-0.18206213414669037
-0.10501725226640701
0.3395501971244812
0.09863743931055069
-0.05087168514728546
-0.16600266098976135
0.015627950429916382
-0.027419771999120712
-0.27790194749832153
-0.04586786404252052
0.18386578559875488
-0.22125229239463806
0.17174917459487915
0.06816525012254715
-0.453146368265152
-0.27611634135246277
-0.2127603441476822
0.03813203424215317
0.2978825569152832
0.1039431020617485
0.21362288296222687
-0.07285507023334503
0.08573886007070541
0.18176309764385223
-0.025684326887130737
0.035041652619838715
-0.13394448161125183
0.10705740004777908
-0.02194523997604847
-0.17379802465438843
0.37457847595214844
-0.06530017405748367
-0.06858932226896286
0.10133075714111328
-0.05022325739264488
0.15279443562030792
0.010890926234424114
0.119107685983181
0.1493689864873886
-0.13797050714492798
-0.17413660883903503
0.07536737620830536
-0.17010962963104248
-0.032586388289928436
-0.013978822156786919
-0.22289325296878815
-0.22979894280433655
-0.1194000393152237
0.03554726392030716
-0.43794333934783936
0.14379103481769562
0.14303869009017944
0.25599321722984314
-0.3502948582172394
-0.15430553257465363
0.3276858627796173
0.03577188029885292
0.12269581854343414
0.300626665353775
-0.13378068804740906
-0.05257836729288101
0.27573534846305847
-0.3538680374622345
0.11217671632766724
-0.17121052742004395
-0.1497427225112915
0.3068019151687622
0.0882701724767685
-0.2622496783733368
0.17157241702079773
5.4455522331409156e-05
-0.40317344665527344
-0.14159908890724182
0.2598269581794739
0.09823290258646011
-0.185671865940094
0.11343130469322205
0.24260002374649048
-0.3134400546550751
-0.1523233950138092
-0.15895552933216095
0.19776742160320282
0.158756285905838
0.10433288663625717
-0.08188602328300476
-0.09716236591339111
0.1474638432264328
-0.1014745756983757
-0.025601420551538467
-0.20556364953517914
0.1914428025484085
0.277538925409317
0.015203461050987244
0.11532211303710938
0.24901700019836426
-0.1858864724636078
-0.07852354645729065
-0.18455751240253448
0.18010230362415314
0.09495540708303452
-0.10179035365581512
0.20606373250484467
0.3652215600013733
0.09734739363193512
0.07536138594150543
0.45954200625419617
-0.12936986982822418
0.04860275983810425
-0.0162801556289196
-0.2858760356903076
-0.12912531197071075
-0.3799861669540405
0.05752702057361603
-0.29558902978897095
0.04505522921681404
0.3445644676685333
0.05642072111368179
0.01481499895453453
0.016196507960557938
-0.01171813067048788
-0.04740859568119049
0.03158832713961601
0.23576194047927856
0.05097510293126106
0.004242736380547285
0.1295209378004074
-0.023376837372779846
-0.25577372312545776
0.07966520637273788
-0.12272868305444717
0.24468745291233063
0.05329136550426483
-0.33066967129707336
0.05471010506153107
0.04867975786328316
-0.5154169797897339
-0.1771954447031021
-0.19742602109909058
0.14149221777915955
-0.1988622397184372
-0.2805063724517822
0.09847552329301834
-0.4067220091819763
-0.04491104185581207
0.35418957471847534
0.1722266972064972
0.22457090020179749
-0.2396266758441925
-0.12288103997707367
-0.03500160947442055
-0.27000710368156433
-0.14748917520046234
-0.24361543357372284
-0.2858699560165405
-0.01042136736214161
0.06291612982749939
0.07585643976926804
0.1336345225572586
0.34552642703056335
0.1481931358575821
-0.0719793364405632
-0.08424107730388641
0.26151350140571594
0.09029514342546463
-0.06059125438332558
0.05197800323367119
0.43927687406539917
0.1488397866487503
0.045003846287727356
0.5394686460494995
-0.09569799900054932
-0.186440110206604
0.20117153227329254
-0.5517544746398926
-0.15264013409614563
-0.44364115595817566
0.14939181506633759
-0.3680560886859894
0.17528656125068665
0.43593570590019226
0.13664510846138
-0.15963129699230194
0.1367453783750534
-0.04496702551841736
-0.18269643187522888
0.1700783371925354
0.11749914288520813
0.15019932389259338
-0.14473281800746918
-0.11370508372783661
-0.027424732223153114
0.15403908491134644
0.12521494925022125
-0.08290239423513412
0.2954660952091217
0.07444699853658676
-0.285227507352829
-0.16666673123836517
-0.00796697661280632
-0.46822482347488403
-0.11767372488975525
-0.056227680295705795
0.10438650846481323
-0.12856954336166382
0.21990668773651123
0.04729915410280228
-0.36620375514030457
-0.17987623810768127
-0.19308927655220032
0.0029858259949833155
0.2219209372997284
0.09285373985767365
0.23785017430782318
-0.10681841522455215
0.0331895686686039
0.21130536496639252
-0.23363786935806274
-0.2169242799282074
-0.1572813242673874
0.20362770557403564
-0.0631413385272026
-0.17338305711746216
0.3248080313205719
0.007110000587999821
-0.05537610128521919
0.10542412102222443
0.17961132526397705
0.11152215301990509
0.044898100197315216
0.198541522026062
0.4072680175304413
0.13048458099365234
-0.1997777223587036
0.5184412002563477
-0.23584525287151337
-0.11105626076459885
0.005253915674984455
-0.40462690591812134
-0.14925546944141388
-0.4120164215564728
0.001407419447787106
-0.3383439779281616
0.21982133388519287
0.3987700045108795
0.18033349514007568
-0.21698503196239471
-0.1613808125257492
-0.03203399106860161
0.05411231890320778
0.21773336827754974
0.18325534462928772
-0.057372916489839554
-0.008674714714288712
0.04112756624817848
-0.02387704700231552
0.15377351641654968
0.10107949376106262
-0.10978008806705475
0.27920374274253845
0.09465252608060837
-0.35009676218032837
0.13871045410633087
-0.1253398060798645
-0.14681850373744965
-0.10266906768083572
0.22045546770095825
0.007398150861263275
-0.0016349394572898746
0.09442389011383057
0.22880136966705322
-0.38670486211776733
-0.11743780970573425
-0.15827181935310364
0.04263864830136299
0.26349422335624695
0.1297702044248581
-0.03524959459900856
-0.1834850311279297
0.1907404661178589
-0.07124021649360657
-0.14163130521774292
-0.2500581741333008
0.1688060462474823
0.4048333466053009
-0.04599161818623543
0.08544833213090897
0.17421367764472961
-0.19133254885673523
0.24074144661426544
-0.12442966550588608
0.11987510323524475
0.153976172208786
-0.10756918787956238
-0.00898326188325882
-0.003089479636400938
0.18610833585262299
0.06654226779937744
0.13463163375854492
-0.13394564390182495
0.0803435817360878
-0.10676192492246628
0.08607976138591766
0.0004742288729175925
-0.08947984874248505
-0.11471854150295258
0.13225588202476501
-0.1453244537115097
0.32593291997909546
-0.1102757677435875
0.22911766171455383
0.010490881279110909
-0.2230982780456543
0.05644935369491577
0.11148429661989212
0.1541246473789215
0.12314192205667496
0.15893888473510742
0.0538637712597847
0.11767759174108505
-0.20606867969036102
0.20952551066875458
-0.15309229493141174
-0.13991732895374298
-0.2650752365589142
-0.4850302040576935
0.042319584637880325
-0.11207631230354309
-0.23510846495628357
-0.1095481887459755
-0.1942717730998993
0.020332269370555878
0.04201773926615715
-0.2882097363471985
0.10148138552904129
-0.5010918974876404
0.010773842222988605
0.31385600566864014
0.0034550633281469345
0.3581429123878479
-0.19676567614078522
-0.09609735012054443
-0.16189417243003845
-0.19609001278877258
-0.13097374141216278
-0.3646470308303833
-0.3958670198917389
-0.0037875091657042503
0.2437456101179123
0.0003517130680847913
0.11229907721281052
0.23217745125293732
0.11333590000867844
0.3392624258995056
-0.07995966076850891
0.21539773046970367
0.1291242092847824
-0.07648329436779022
-0.17438021302223206
0.02671520784497261
0.30314722657203674
0.05473826453089714
0.20172837376594543
-0.1111302599310875
-0.12792585790157318
0.07894423604011536
-0.1161641851067543
0.015588715672492981
-0.11676502227783203
-0.059406861662864685
0.1674351692199707
-0.08063878118991852
0.4548580050468445
-0.13477233052253723
0.12487410753965378
0.13372743129730225
-0.35057273507118225
-0.042565636336803436
0.2829235792160034
0.02211056835949421
0.24646994471549988
0.05139726400375366
-0.20563773810863495
0.17104656994342804
0.14183886349201202
0.2997477948665619
-0.11830605566501617
-0.16705802083015442
-0.32224196195602417
-0.4185163378715515
-0.1570488065481186
-0.1491330862045288
-0.19285058975219727
-0.06813155859708786
-0.046068545430898666
0.004065193235874176
0.0933472141623497
0.16903632879257202
0.0633433535695076
-0.45361366868019104
-0.12226780503988266
-0.2063363492488861
-0.13173215091228485
0.3406893014907837
0.10560405999422073
0.2084648609161377
-0.21489840745925903
0.09177571535110474
0.17022918164730072
-0.3294883668422699
-0.3310964107513428
-0.13078148663043976
0.36881259083747864
-0.11968347430229187
-0.17065472900867462
0.221450075507164
-0.026409661397337914
0.31682923436164856
0.03615477308630943
0.1372867226600647
0.1375354528427124
0.008161168545484543
-0.019416194409132004
0.023330427706241608
0.26570960879325867
-0.1702858805656433
0.1960553526878357
-0.2345452457666397
-0.051207706332206726
-0.09490838646888733
0.0076805464923381805
0.005948211997747421
-0.1029866486787796
-0.17419812083244324
0.15643641352653503
-0.03164292126893997
0.40707463026046753
-0.08776058256626129
0.060875535011291504
-0.1471530795097351
-0.3088085949420929
0.1696556657552719
0.2999361455440521
0.09996969252824783
0.04029984399676323
0.1629665046930313
-0.04330287501215935
0.1433401256799698
0.11028166860342026
0.25689730048179626
-0.15683980286121368
-0.14287430047988892
-0.26969462633132935
